change_rate
0.028802666
-0.0002313744
0.0777597778
-0.0152458664
0.0154819014
0.0511058621
0.0136874362
0.0126964933
-0.0121393035
-0.0139000806
0.0063329928
0.0205034511
0.003978516
0.0336833763
0.0498370711
0.0016432353
0.0129420343
0.1394637394
0.0167403664
0.0351040696
-0.0424669868
0.0172386773
-0.0052380219
-0.0102214651
0.0187764043
0.0640454615
-0.0077944573
0.0240034914
-0.0096604631
-0.0705781093
0.0253125482
0.0252897787
-0.0148289532
0.0007451565
0.0366344006
0.0004309726
0.0657668007
0.0506601994
0.0537317261
-0.0090057198
0.0249293872
0.0128205128
-0.0464923696
0.0227047146
0.0116462453
-0.022904425
-0.074496809
-0.0411086063
-0.0136910524
0.049775659
0.013890744
0.0999868265
0.0431137725
-0.0194029851
0.0090153378
0.0176375029
0.0290763968
-0.0089750693
0.0156529517
-0.0155217966
0.0281784636
0.0743882545
0.0470695415
0.0937741686
0.0648753756
-0.0783532537
0.0748378963
0.0500209468
0.0350303224
0.0121039241
0.0423522243
0.0702280035
0.2557186753
0.293692224
-0.1484174688
-0.1229516288
-0.006078001
0.0931997056
-0.0190086497
-0.0307286167
0.0164505937
0.0758306538
0.1061021171
-0.0145913083
0.0094145606
0.0126771404
0.0121160638
-0.0193479989
-0.1401351351
0.0752265703
-0.04545676
0.0117394855
0.1064978307
0.0016869557
-0.1094674556
-0.0140557117
-0.0453602903
0.0469725767
-0.0217842324
0.0743902439
0.0314366086
0.1197129187
0.1727202803
-0.0189476753
-0.0395557867
-0.0243242198
-0.0481173207
-0.1123834111
-0.0904442464
0.0714285714
0.0187997108
-0.0912704045
-0.0052067062
-0.2526431487
0.0470621192
-0.0047488462
0.0330645161
0.0966692688
-0.1315695812
-0.0475409836
-0.0575874928
0.0235141922
-0.035464684
-0.0074770678
0.0018639329
0.0350387597
-0.03317855
-0.0993105585
-0.0170293283
-0.1189080409
-0.0655412115
0.0116896918
-0.0651260504
-0.12
0.103421859
-0.0295070586
0.1303207345
0.0473628692
0.0030214523
-0.0641630686
0.0879828326
-0.0230769231
0.0572380376
0.0844075241
0.0092453993
0.0731111499
-0.0271544715
0.0570783888
0.0710728121
-0.0541039268
-0.0820912993
0.0256737227
-0.0424368007
-0.0279581061
0.0483526269
0.0151193409
-0.0076974565
0.0298482293
0.0205501883
0.0293622142
-0.0186267633
0.0122299873
-0.056723678
-0.0684521334
-0.0609821429
-0.0094133308
-0.053273181
0.0666125925
-0.0291825095
-0.004406149
-0.099822974
-0.0041516443
-0.0021941854
-0.0470588235
0.0404984424
0.0776225327
0.0114221033
0.0091565775
-0.0137110596
0.0065419605
-0.0271148573
-0.0107515658
-0.0448454152
-0.0442996023
0.0091318923
-0.0933562428
-0.0395451674
0.0124967114
-0.0279329609
0.0304731355
0.0495460441
-0.074147306
-0.0112119594
-0.0172786177
0.0347527473
0.0118146821
-0.0225662556
-0.0029530201
0.0001346257
0.0931484722
0.0312769363
-0.0029850746
0.0374850299
0
-0.0245873254
0.0239053254
0.0395284327
0.0620413609
0.0191582915
-0.0136620442
0.0164549052
0.0763319672
-0.0643503094
0.0306236647
-0.0307008885
0.0228129137
0.0143383451
-0.004810052
-0.0238705859
0.0137429264
0.0648923445
-0.0035570533
0.016439643
-0.0125693161
-0.0245226507
-0.018134715
0.0168083651
-0.0412301778
-0.0721732157
0.0243085566
0.0339626622
-0.0006120575
-0.0303154027
-0.0213684211
-0.0222652469
0.0082508251
-0.0057828696
0.0283143108
-0.0026680896
-0.0433386838
-0.0511185682
-0.0080160321
-0.0116458705
-0.0186365276
0.0024503798
-0.0340992422
0.0501075541
-0.011085673
0.0091385403
0
0.0068823956
0.0095934764
-0.0203112009
0.0135790495
-0.0001196172
0.0019141046
-0.0040597015
-0.0129480878
-0.0798008017
0.0077877508
-0.0373280943
-0.0421768707
0.0447443182
-0.0237933379
0.0135097493
-0.0081077367
0.0336658354
0.0123307868
-0.0019859658
-0.003581852
-0.0730927972
0.0097673082
-0.0054054054
0.0062929062
-0.0193291643
0.0036231884
-0.0350902527
0.0413049985
0.0296062087
-0.0076772753
0.026445351
0.0001370426
0.0042477391
0.0065493246
0.0139623153
0.0093582888
-0.0045033113
-0.0055880788
-0.0446882526
0.0120448179
-0.0188209244
-0.005077574
0.0077969946
0.0097060065
0.038450822
0.0839817548
0.0274752475
0.0169838593
-0.0108966007
0.0019159382
-0.0021513087
0.0482692538
0.0799817185
-0.0311045281
-0.0227123826
0.0192178771
0.0112913835
0.0014092141
0.0034639532
-0.0507011866
-0.0084090909
0.0005730002
-0.0255411751
-0.0510108134
0.000371563
-0.0117617927
-0.0278125783
-0.0582474227
0.0321565408
-0.0414954262
0.0131396957
0.009556314
-0.001081812
-0.0208474347
0.0136872667
0.0006819422
0.0216709827
-0.0140074707
0.0054119876
-0.0236845647
0.016540317
-0.0116610169
0.0205789546
0.0164000538
0.0056870784
-0.0074960547
0.0186829204
0.019640999
-0.0017859421
0.0039616613
0.0011456212
0.0172917991
0.0139982502
0.0014791076
0.0179692308
-0.0691572966
-0.0228601117
-0.0187425229
-0.0238417773
0.0036081044
0.0058075221
-0.004811658
-0.0006907031
0.016726569
0.0005438477
0.0005435521
-0.0009506994
-0.0224306688
0.0059796968
0.0015205972
0.0091097308
0.0309123239
0.0001326436
-0.0053050398
-0.0093333333
-0.0176312248
0.0001370051
0.0201369863
-0.0052370082
-0.0064794816
0.0044836957
-0.0024347356
-0.0008135593
0.0023069616
0.0128621717
0.0029407833
-0.0023990404
-0.0004008016
0.0080192462
-0.0019888624
-0.007307028
-0.0381423983
-0.0005565605
0.0008353056
0.0012519126
0.0298694082
-0.0082287873
-0.0034004353
0.0021837041
-0.0070815743
0.0015087094
0.001232539
-0.0019149227
-0.0037001507
0.0035763411
-0.0032894737
0.000550055
0.0010995052
-0.0035694673
-0.0221824194
0.0060588981
0.0030812325
0.0033510193
-0.0009741163
-0.0040395598
0.0088111888
-0.0020795785
0.0045846068
0.0109251832
-0.0038303694
-0.0053556715
-0.000828386
0.0022108609
-0.0005514959
-0.0001379501
-0.0642935982
-0.0373046299
-0.0159289325
-0.0062256809
0.0072043853
-0.1264189084
-0.078497686
0.0187367201
-0.058589306
0.0096676737
-0.1039297826
0.0276046305
-0.0530762565
0.0020590254
0.095890411
0.0083333333
-0.0568181818
0.0341730559
-0.0076255031
-0.0636072572
0.0159562343
-0.0437514023
-0.0696855936
-0.0244640605
0.0018097208
0.0356129032
-0.0294044356
-0.0187419769
0.0172684458
-0.0429526749
-0.0212308519
-0.0063152114
0.0049737497
0.0786362387
0.0420596482
0.0088062622
0.1037827352
-0.0481107206
0.0302330949
-0.0056003584
0.0225275963
-0.0652126019
0.011784115
-0.0393664104
0.0518913676
-0.0318118949
0.0216666667
-0.0212071778
0.020952381
0.0137593284
-0.0144927536
0.0044351074
-0.002091564
0.0526315789
-0.0046460177
-0.0042231607
-0.0049107143
-0.0832211754
0.0034254955
-0.0007315289
-0.032942899
0.0340651022
-0.0156173743
0.0044620724
0.0056762093
-0.0071165644
0.0170538804
-0.0318347509
-0.0027610442
0.0100679587
-0.0042362322
-0.0032532533
-0.0065277429
0.0015163002
-0.0030280091
-0.0311313591
-0.0086206897
0.0039525692
-0.0091863517
0.0108609272
0.0102201258
-0.0088197147
0.0002617116
0.0034013605
-0.0114732725
-0.0021102611
0.0597409463
-0.0027438264
0.0062531266
-0.0091971166
-0.0012543904
0.0005023863
0.000251067
0.000502008
0.0040140492
0.0094952524
0.0485148515
0.0054296506
0.0131486264
0.0030127462
0.0041589649
0.0306028532
-0.0672025006
0.0184298708
-0.0063454759
0.0073320719
-0.0044611411
0.0018867925
0.0011770245
-0.003291794
-0.0198159943
0.0226233454
0.0025888444
0.0068075117
0.0048962462
0.0097447796
-0.0036764706
0.0002306273
-0.0025363154
-0.0002311604
0.0027745665
0.0050726309
0.0197292957
-0.0044994376
0.0074576271
0.0062808434
0.0104770397
-0.0092653872
-0.0002226676
0.0037861915
0.0039937874
-0.0083977901
0.0013371963
0.0122412642
0.0004397537
0.02
-0.001077354
0.0053925798
0.0107273117
0.1485884101
0.0338199963
-0.0041115481
0.0204631125
0.0189973615
0.0201967892
0.0306260575
-0.0149400755
0.0276666667
-0.0496269867
0.0063139932
-0.001356622
0.0117167601
-0.0164484726
0.0279863481
-0.0033200531
0.0109926716
0.002800659
0.0088713652
0.0006513597
0.0149715216
0.0341510342
-0.0054263566
-0.0459859704
0.0027777778
-0.0037477595
0.0039254171
-0.0177582274
0.0145961188
0.0122609122
0.0218023256
0.0425162004
0.0186476653
-0.0022324751
-0.0125298329
0.0200906344
0.0305049608
0.0451214255
0.0305238554
0.1164776518
-0.0236615679
0.1297429621
0.0291440953
0.0112643436
-0.014678326
-0.0606444797
-0.0076481836
0.1007593789
-0.0134884679
-0.0075148732
-0.0210327059
0.0195509722
0.0093773048
0.0014613779
0.0734834271
0.007476454
-0.0041441789
-0.0007742185
-0.0198547215
0.0259881423
-0.0031782722
0.0149758454
-0.0481675393
-0.0513051305
0.0102255956
-0.0091829281
0.0267509215
-0.001641194
-0.0266105004
0.0271268735
-0.014798068
0.0225305101
0.0134652657
0.0530447911
0.0063085452
0.017287234
0.0322128852
-0.0138398915
0.0147679325
0.0258519389
0.0568332012
0.0336835084
0.0228262623
0.0165602082
0.0814521759
0.1372211463
-0.1151759808
0.0911747933
-0.0477559287
-0.0670965971
-0.0421354511
0.0137417473
0.0919348732
-0.0613079964
-0.0124122645
0.0179546645
0.0033071213
0.0672428948
0.0253946465
-0.0230923695
-0.0565262076
0.0311546841
-0.0273962955
-0.1002896452
0.059637827
-0.1304876196
0.018805213
0.0867960165
-0.0086894699
0.0184078413
-0.0168231612
-0.0202944688
-0.0416734362
-0.0157667204
0.0113685298
-0.0053648982
-0.0316780822
0
-0.0026525199
0.0038120567
0.0559922282
0.0301078866
0.0199723959
0.0167157526
0.0144836765
0.0943818491
-0.0281362386
0.031708025
0.0015472255
0.0004915385
-0.0385317238
0.0129206511
-0.0129720381
-0.0400846963
-0.0718795162
0.0341747255
-0.0034868056
-0.0120079523
0.0068415969
0.0524422416
-0.0161792632
-0.0508801729
-0.00675181
0.0190827191
-0.019448686
0.0013933284
0.0166148306
-0.0171483777
-0.0344855832
-0.0222278782
0.0092841649
-0.0017193948
0.0134343782
0.0566791298
0.0215520708
-0.0048807368
0.000237323
-0.0239639355
0.0106960538
-0.0082578369
-0.0074373484
-0.0162892979
0.0069547938
0.0217891794
-0.0097368633
-0.0043068422
-0.006855464
-0.0029583368
-0.005934229
-0.0009120305
0.0107883817
-0.0087027915
-0.0151565347
0.0037843747
-0.0327580429
-0.1170203551
-0.0050029429
-0.0436754412
0.0137113402
0.0041696329
-0.02066032
0.0284384695
0.0042232278
0.0090117152
-0.0138930237
-0.0183153869
-0.0035879036
-0.0284979424
0.0324049561
-0.0021540671
0.0466694079
-0.001473188
-0.0347201731
0.0054004483
-0.0060808756
0.0065259509
-0.0153986425
-0.0199609013
0.0039895013
-0.0134894907
0.0003179987
0.028928685
-0.0048403708
-0.0199730932
-0.0680042239
-0.0094040335
0.1509779252
0.0662824207
0.022833178
-0.0217767654
0.0147168405
-0.0194602534
0.0009361543
0.0105686495
0.0042572883
-0.0079255368
0.0075243846
-0.0086667896
-9.3006e-05
-0.0077202121
-0.0427446569
0.0035252644
0.0241998439
-0.03125
0.0087529504
-0.0044847421
-0.0133189697
-0.0159801489
0.0012104095
-0.000201491
-0.0346634422
-0.0080375783
-0.0017889088
-0.0487033523
-0.0413342199
0.0021962779
-0.0521337947
0.014602093
0.0086351643
0.0347205707
-0.0032176511
0.0418492045
-0.0220205821
-0.0235347364
-0.0052143685
0.0025626092
-0.0106889741
0.0199647681
0.0147380541
-0.0032905934
0.0026183971
-0.0145338935
-0.016361332
-0.0055054469
-0.0062426384
0.0062818537
-0.0250883392
0.0050743023
-0.0323356173
-0.0382608696
0.0935158874
-0.0163004961
0.0012007685
-0.005157112
0.0474984931
-0.0194498792
-0.0058685446
-0.0118063754
0.0001194743
0.0016724406
0.0056052475
0.0064041746
-0.0170869668
-0.0034768013
-0.0014436959
-0.031686747
0.0543735225
0.0009440642
-0.0033011082
0.0487343269
0.0600045116
-0.0333049585
-0.0158503027
0.0326585393
-0.0187371385
0.0168874172
-0.0044502334
0.0593109464
0.0019555373
0.0051361068
0.0211548288
0.009307446
-0.0196331185
-0.0036411449
0.0108618414
-0.0036151838
-0.0173352147
0.0064615385
-0.0069295832
0.0226782966
0.0166566326
0.0432293723
0.0094607379
0.0102155576
0.000185546
0.0036174752
-0.0050831793
-0.0013934046
-0.0106976744
0.0393982134
0.0189976479
0.0200639205
0.0067885117
0.0218706777
-0.0254631588
0.0259548611
-0.0021998477
0
0.0044093954
-0.0288729422
0.0135616796
-0.0189553135
0.0349711488
-0.0357323872
0.0091984231
-0.0019097222
-0.0001739433
0.0223556019
-0.0102101591
-0.0260465916
-0.0519858782
-0.0039102504
-0.0115898682
-0.0190070922
0
0.0290148448
-0.016206089
9.522e-05
0.0274207369
0.0045408211
-0.0149446494
-0.0751076981
-0.0151883354
-0.015628213
-0.0066847713
-0.3309148265
0.14207135
-0.0610981148
0.0126044262
-0.0758431032
0.0609240407
-0.0042810747
0.1384729429
0.0132829796
-0.0052692456
-0.0483204134
0.0924518056
0.0397663726
-0.0114736465
0.0001209044
-0.0473887814
-0.0284263959
-0.0572100313
0.0803546689
0.000128238
0.0352609309
0.0123854347
-0.0022021042
0.0114026484
-0.0061825676
0.0717248109
-0.014340997
0.018591224
-0.0019272191
-0.0442980463
0.0058236273
0.0008271299
-0.0107438017
-0.000119346
-0.0322272619
0.0559940799
-0.0050221911
0.0226552412
-0.0059687787
-0.0315242494
0.0023846429
0.0272392054
0.048749421
0.004747709
0.007032967
0.0231340026
0.0121587031
-0.0084299262
0.1190223167
-0.0050332384
0.0282523623
0.0101178873
0.0004594744
-0.0033985487
0.0112442396
0.0270689027
0.0646907445
-0.0097516253
-0.0278596078
-0.0763438068
-0.0208977603
0.0219180704
0.0553526271
0.0450834221
-0.039232337
0.0009722468
0.0259602649
0.0074016697
0.0018795387
-0.0166282937
-0.0384148456
0.0025250248
0.0020689035
-0.0427289048
0.0150975244
-0.0088683603
0.0404511138
0.0372659679
-0.0156317471
0.0160554483
-0.012865901
0.0594821554
-0.0488771466
0.0111111111
0.0107213312
-0.0158689749
0.0037940847
0.0039515506
0.0002566955
-0.0001710864
0.004192334
-0.0551248189
0.0261496844
0.0007029877
-0.0124692659
0.0088920505
0.0094306363
-0.0013970139
-0.0083938096
-0.0048496605
0.0034556087
-0.0076821192
0.0315892508
-0.0072457517
-0.0239812321
-0.0076560135
-0.0091504441
-0.0119511091
0.0052231284
0.0001823154
-0.006288735
0.0135742456
-0.0147497964
-0.0046840558
0.0043369936
-0.0048695333
0.0216046533
-0.0069588793
0.0136512559
-0.0158915425
0.0074810692
-0.0077877388
0.0072100027
-0.0032620515
0.0009090909
-0.0031789282
-0.0037357631
0.0002743735
-0.002925848
0.0034846401
0.0006396783
0.0157990868
0.0131259552
0.0055018191
0.001323802
0.0115459193
0.0207371264
0.1025181391
-0.0111489625
0.0275602881
-0.0019811033
0.0242785158
0.0377161598
-0.0640712541
0.0185725249
0.0035412899
0.039342293
0.0029617857
-0.0077067128
0.0079843217
-0.0048246562
0.012301013
-0.0265189421
0.0066084147
0.0073674229
0.0026068067
0.0023111368
0.0007926214
0.0226798186
-0.0143621515
-0.0087142857
0.0064130278
-0.0133171046
0.0042812568
-0.0027456647
0.0053615418
-0.0288267512
0.0063075096
-0.0117985399
0.0110439519
-0.0058306886
0.014922049
0.0049740326
0.0170305677
-0.0288392729
-0.0934345295
0.0270665691
-0.0201012979
-0.0023421095
0.0028333198
-0.0207458831
0.003791938
0.012400427
0.0006489293
0.0034857328
-0.0001615639
0.0227841965
0.0122442531
0.0077259248
-0.0078990165
-0.0026539692
0.0127572983
-0.0093508501
-0.0412668695
0.0043938161
-0.032485418
0.0466381981
-0.0036
0.0040947411
0.0007196546
-0.0037554934
0.0106673083
-0.0034124276
-0.0093964007
-0.0013665595
-0.0024148756
0.0043572985
0.0071503173
-0.0094128909
0.0004026413
0.0127988409
0.0044508027
0.0178825764
0.0054415423
0.0184011133
-0.0028849074
0.0012182123
0.0057794677
-0.0130046877
0.0018385169
0.0098638936
0.0157492239
0.0172195304
0.0569397626
0.0093600499
0.0017859596
0.0120680197
-0.0047425474
0.0050374404
0.0371173124
-0.0164576803
0.0097609562
0.0087459722
0.0173402868
-0.0020504934
-0.0113650957
0.0314346951
0.0049115295
0.0872861708
0.002593361
-0.0431108812
0.0390460744
-0.0110423773
-0.0041505904
0.0237158791
0.0295315098
0.0018937284
-0.0106737825
-0.0070802428
0.0342388229
0.0578385773
0.0197599834
0.0044638328
0.0416624583
-0.0133805207
-0.0021620559
-0.0101935293
0.0426368159
-0.0055828601
-0.0774952015
-0.004993498
0.01855821
0.0260213509
0.0662298034
-0.0210180624
0.0110221881
0.0038868086
-0.0288021153
0.0103067723
0.0093835715
-0.0067696415
-0.0395507344
0.0128435782
-0.0156411901
-0.0146365915
0.047156374
0.010104445
0.0070215938
0.0078322747
0.0845851301
0.0810468368
0.0164895122
0.0404755278
-0.0110436012
-0.019049459
0.0547130421
-0.0147893636
0.0046626232
0.0233558465
0.0831797065
-0.0020083055
0.031720045
0.0082316771
0.0456751262
0.0047348782
0.0079270957
0.1054000495
0.0514565826
-0.0286916909
0.0447888097
0.0700653663
0.0965605221
0.0563112444
-0.0317060256
-0.0506146376
-0.0762602525
-0.0378360852
0.0726598751
0.0326205147
-0.0417222417
-0.0211467083
-0.0137205009
0.0119384864
-0.0105478904
-0.0085372938
-0.120602247
0.0528984038
-0.023442014
0.0012960302
0.0144911224
-0.0036334387
-0.0451799683
0.067755102
0.0245467453
-0.01161954
-0.0183083021
0.0057679631
0.0352831941
0.0381693485
0.0115100236
0.0154232605
0.0321838512
0.0046974236
0.170535054
-0.0059303036
-0.0046946432
0.058084449
-0.0103951723
-0.0041309308
0.0407977883
-0.0033013319
0.042412244
0.0497443389
0.0064017814
0.1002039687
0.0094581219
0.0181475775
-0.0561474846
-0.1075246178
0.0253153071
-0.0412743363
-0.0067198346
-0.0057616534
-0.0317044902
0.089347079
-0.0075497111
0.0345178571
-0.0260128079
0.0040406905
-0.0075722809
0.0343263673
0.0286475797
0.0522893298
0.0222561121
0.0288733489
0.0060264621
0.0601738556
-0.0287191107
-0.0597780921
0.0237722332
0.0374734929
-0.0197827547
0.0124368847
-0.0018389384
-0.0107444472
-0.03568236
0.0113248358
-0.0104036176
-0.0223690507
0.0370610157
0.0139474686
0.008139238
0.0233566204
0.0305526848
0.0100706215
0.0172835708
0.0152029581
-0.0225847945
0.0247551498
0.0648335902
-0.0104862257
-0.0653546136
0.0338503775
0.0099580434
0.0323929219
0.0027123392
-0.007175241
0.0327202026
-0.0041493262
-0.0090919267
-0.0040040166
-0.0182228327
-0.0290353636
-0.0553521145
-0.0147503359
-0.0313059288
-0.1207660049
0.0156432407
-0.000771757
-0.0163344453
0.0724870111
0.0088632045
-0.0102984545
-0.0044617785
0.0646409879
0.0163381857
-0.008646034
0.0225559516
-0.0452454426
0.0276825929
0.0012813233
-0.0029665392
0.0463369456
-0.0032757179
-0.0084329767
-0.0163747144
-0.1073113377
0.0130427101
-0.020168387
-0.0483842258
-0.0196915333
-0.062308106
-0.0118023568
-0.0569085906
0.0186784176
-0.0430241621
-0.0336374002
-0.1027180784
0.1028061524
0.0017886421
0.0059089846
-0.0161014263
-0.0609926336
-0.0236717517
0.0114552099
0.0135257197
-0.0128196339
0.0123148148
0.0388502698
-0.054874425
-0.023172947
-0.0038862265
-0.0650071805
-0.0145914397
0.1242791084
-0.0102130413
0.0201232608
-0.0519016889
0.0800386194
0.0392213829
-0.0024085504
-0.023583177
-0.009736174
-0.050274223
-0.0119955868
-0.0058448964
-0.1063285694
0.0104565026
0.0342208342
0.0261279013
-0.0734699985
0.0128391473
0.0626112839
-0.0006502438
0.0392652469
-0.0205644385
-0.033289079
0.0031027467
0.0217281071
0.016104618
-0.0352153951
0.0077962841
-0.0017832923
-0.0166318597
0.0188833734
-0.0048719237
0.0143340231
-0.0249042146
-0.0122470849
-0.0031255651
-0.0255493367
-0.0108227411
0.0001612947
0.0123101734
-0.0229402862
-0.0405989293
0.0767030166
-0.0023149975
0.0311931444
0.0256724967
0.0238831272
0.0470172876
0.0559986977
0.0207227642
-0.0095577131
0.057681835
-0.011862836
-0.0355363805
-0.0177853654
-0.0106048272
0.0166559185
0.0310818496
0.0468826237
0.0325639831
-0.0030810896
0.0402960688
-0.0095939144
0.0047956591
-0.0097166762
0.0588912998
-0.0060566496
-0.0032109757
-0.0141481807
-0.0223344411
0.0028864413
0.0417518746
0.0484577494
-0.0022536969
0.002224037
-0.0009361835
-0.0259079945
0.0172088217
-0.0328371278
0.0394024445
0.0004703751
-0.0027164449
-0.0257019137
-0.0102150538
0.0221799747
0.012399256
0.0109876651
0.0007614696
0.0239507496
0.0274775383
-0.06849225
-0.0192687747
0.0057574667
-0.0155456172
-0.0041976341
0.0050729927
-0.0145974799
0.0421933154
0.0113676543
0.0012236265
0.0063725405
0.0165677804
-0.0105978122
-0.0720125569
-0.0576569209
0.0622694728
0.0102866904
-0.0410586289
0.002874885
0.0090203723
-0.0182582674
-0.0294208435
0.0097596851
0.0536023622
0.0901481606
-0.0020566258
0.0058219413
0.0248091929
0.0274241919
0.0864982324
-0.0223880597
0.0068854962
0.0167700262
0.0110950385
0.0460170204
-0.0247740444
0.0100196634
-0.0010593069
0.0846194632
-0.0116531022
0.0150656364
0.0080729064
0.029132809
0.0144841068
-0.0440582104
-0.0265982512
0.006266473
-0.0043966324
0.022805063
-0.0381496063
-0.0197563205
0.0177743754
0.0197751703
-0.0154892179
-0.0139212401
0.0001381387
0.0241571249
0.0060687795
-0.0106300268
0.004254339
0.0061251197
0.0262956755
0.0635909899
-0.0067073695
-0.0148039131
-0.0093271403
-0.0096544909
-0.003812448
0.0185315988
-0.0215357458
-0.0477436149
0.0005142293
-0.0449584094
0.0170228435
0.0258449027
-0.0084431715
-0.0336495681
0.0171839805
-0.001699117
0.02080078125
-0.0631671017
0.0217213713
0.0323248476
-0.0008713331
-0.021290144
0.0033096659
-0.0055965941
-0.0352429153
-0.0859183284
-0.0052888789
0.0121046592
0.0092293935
-0.0156161002
-0.0448751949
0.0043416071
0.0292210512
0.0101258404
-0.0551660784
0.022242691
0.0211580177
-0.0225660969
-0.0289382617
0.0054402093
-0.0012499572
-0.0054518336
0.0346830773
-0.0044982757
0.0290696701
0.0073020003
-0.0123024266
0.0047403436
0.0006670246
-0.051992842
-0.0203349693
0.0019443325
-0.0072727273
0.0199175824
-0.0066304066
-0.0154699206
-0.0109108243
-0.0387162415
-0.0114197645
-0.0336219689
0.0134696496
-0.0088987764
-0.0083594566
0.020704055
0.0199208519
-0.0274419389
0.0066493206
0.0024315527
-0.0036671314
-0.0139748874
-0.0049965005
-0.0165302175
-0.0136093617
-0.0872542701
-0.0428325536
0.0202420749
0.0108015276
0.0039793432
0.004253045
0.0157206208
0.017005392
0.0119773332
0.0013150638
0.0012286053
0.0104514873
-0.0469639866
0.0069864007
0.1046798298
0.0030612446
0.0185870678
0.0343887729
0.0026162845
0.0001677508
-0.0100074543
-0.0233608795
-0.0054932346
-0.0009109057
0.0006983511
0.0435389447
-0.0099197503
-0.0735862509
-0.0073112443
0.0004080384
-0.0388294076
-0.0356665464
0.022530253
-0.0200327065
0.0303888633
0.0192639632
-0.0004599528
-0.0303499341
0.1288666465
0.0278605824
-0.0080126418
-0.028430068
-0.0654295745
0.0031991744
-0.0176936529
-0.0069117185
0.0168301171
0.0696285234
-0.0514446384
-0.0123065601
0.0038290386
-0.0204123711
0.0349610608
-0.0107990482
0.0359580592
-0.0063505924
0.0140006791
0.0093559188
-0.0152795395
-0.0066188419
0.0314395148
0.0083939347
0.0158809314
0.0155760299
0.0020635422
0.0379763274
0.0172478507
0.0012474962
-0.0064051943
-0.0223949135
0.0183733198
-0.0056591389
0.0105084746
0.0073447624
-0.0157742529
-0.0549016116
0.0139810069
-0.016352622
0.0061208297
-0.0082428931
-0.052424317
0.0105294705
0.0222037685
-0.0281431335
0.0120409991
-0.0055653884
-0.0119643246
0.0175533405
0.0121756919
-0.0013603327
-0.0113450611
-0.0170849326
-0.0039049202
-0.0024526557
0.0200322451
-0.0362943059
0.0241302253
0.012531529
-0.0167852906
-0.0090084655
0.0020290973
0.002774234
-0.0150040388
0.0377021957
-0.0586573416
-0.012928411
-0.0111415875
-0.0373492162
-0.0841635023
0.0010731184
-0.0184183599
-0.0259865972
0.0006880208
0.0177489177
0.0234943829
-0.040336381
7.64214e-05
-0.0550192313
0.0453111944
-0.0262506447
0.0072824533
0.0235560113
-0.0384506717
0.0104444919
0.0028551035
-0.0071965204
-0.0219053688
0.0053478839
0.0093427661
0.0580524345
0.0094310999
-0.051173509
0.0135163675
-0.0140914774
0.0017172598
0.001476949
0.0410829032
-0.003389659
-0.0207370933
-0.0084238356
-0.0168601004
-0.0147031454
-0.0631442603
-0.1539835244
-0.0184869944
0.0147074127
-0.0805045636
0.0041638784
-0.0709737134
0.061730363
3.75347e-05
0.0121607927
-0.0287017466
0.0468063987
0.0064918487
0.0085154183
-0.0133659097
-0.0153313911
-0.0181959392
3.7669e-05
-0.0205288534
-0.0171903242
-0.0036390671
-0.0016101795
0.03843128
0.0056441532
0.0152930541
0.0430733843
0.0044815935
-0.00145179
-0.0313120567
-0.0313724055
-0.0278533636
0.0345216343
0.0196911052
0.0141146121
0.0123192092
-0.0126359622
0.0660607162
0.0456312666
-0.0050554468
-0.002950336
-0.0110143022
-0.0119015957
0.0032299307
-0.0423569656
-0.005393101
0.0634132601
0.0336070459
0.0059903258
-0.0039166985
-0.0169431924
0.0032519268
-0.0031441444
-0.0014957404
-0.012797968
0.0149101105
-0.007573049
0.0049453069
0.0252240508
-0.0146857815
0.0189050553
0.0059209068
0.0188227888
0.0059935739
-0.0005527916
-0.0030420354
-0.0111881646
-0.0166760177
0.0054838812
-0.0959016393
0.0230838971
0.0040558964
-0.0067551512
0.0016062884
-0.0069266728
0.0067344695
-0.0454266212
-0.0082233902
-0.0230722088
0.0255728994
-0.017199194
0.0079080325
0.0038503451
-0.0023520046
-0.0044974792
0.0029511422
-0.0079555362
-0.0347138306
0.0170327378
0.0028720627
0.0916056087
0.0128449744
0.0101254752
0.0209138138
-0.0745367954
-0.000951676
-0.0112898673
-0.0038895233
0.0092781659
-0.0242777028
0.0027646417
-0.0293477472
-0.0081847741
0.0389629965
0.0007979109
-0.011741683
-0.0080308031
0.0201840967
-0.003478639
0.0163994037
0.0028978248
-0.0038882745
-0.0020054433
-0.0063513707
0.0219565924
0.0240644546
-0.0089371981
-0.0105497719
-0.0215708354
-0.0022298148
-0.0023068882
-0.0100437155
-0.0022626911
0.0044259117
0.0127458121
-0.0053937433
-0.0049168474
0.0047594826
0.0122220213
-0.0064659022
-0.0055731339
-0.0054958962
0.0027267769
0.0014503263
0.013070239
-0.0063614596
0.0248534331
0.020530638
-0.0168162592
0.0128716334
0.0045928586
-0.0046062356
-0.0061815796
-0.0010077142
-0.0040697068
0.0021304834
0.0242219357
0.0125221179
-0.0095106869
-0.0179147016
-0.0792883054
-0.14
0.0811553733
-0.0453206344
-0.0116672303
-0.0372112917
0.0084851177
0.0133033787
-0.0021301569
0.001219831
0.0034374728
0.0008672651
-0.012694424
-0.0249253993
0.0163816382
0.0177559334
-0.0107461388
-0.002726713
-0.0007055918
-0.0006178288
-0.013556478
0.0034916514
0.0345719766
-0.0081924802
-0.0054343101
-0.0020544652
0.0033289531
-0.0079018598
0.0042244224
-0.0121379431
0.01658978
-0.0030107339
-0.0007877806
-0.0024528054
0.0021514819
0.0147651595
0.0031950261
-0.0126102862
-0.030206608
-0.000853971
-0.0008996851
-0.0250337686
0.0164865614
-0.0030893644
-0.0023697762
-0.0008679366
0.0036119239
-0.0046922691
-0.0066825339
-0.0175559856
-0.01219455
0.0066473577
-0.0061789538
0.0004271476
0.0020873855
0.0043554419
0.0064105586
0.0111001827
-0.0006021864
-0.0026882966
0.0010224474
0.0076605228
-0.0022576484
0.0120526437
0.0259627669
0.0474538581
0.0530740489
0.0435045561
-0.0017387273
0.0205914228
-0.0042854976
-0.020453247
0.0189361537
0.0694905552
0.010954114
0.0020117884
0.0077139838
-0.0090181411
0.0135797679
0.0067511136
0.0006913239
0.0039032815
0.0208856622
-0.0324907314
0.0124712604
0.0191301954
-0.0006752194
-0.0056756757
-0.0004077195
-0.0146159075
0.0080027596
0.0078707823
-0.0050590792
-0.0378800805
-0.0025892952
0.0091394026
-0.004017338
0.0016275696
0.0172736586
0.0829224252
-0.0235682678
0.0390791764
0.0046774754
-0.0111359275
0.0142516303
-0.0046106075
-0.003686665
-0.0069894684
-0.0165934136
0.0026556984
0.0103362512
-0.000767288
-0.0073908175
0.002643115
9.64444e-05
-0.0450030538
0.0043421185
0.0048260607
-0.0071042626
-0.0063824784
-0.0187971196
-0.0488922579
-0.0094551514
0.0144095381
0.0527093774
0.0848316723
0.0256976891
0.0006463527
0.0253452678
0.0861556922
-0.0121523462
0.0409875024
0.0016651895
-0.0019841802
-0.0228097042
0.0247992962
-0.0140848849
2.72116e-05
0.0111564626
-0.0282561895
-0.0023262254
0.0381668795
-0.0065238897
0.0103076136
0.0011987214
-0.0075562059
-0.0130559502
0.0106209594
-0.0017739551
-0.0021809957
-0.0017540072
0.0023517963
0.0062837109
0.0448101198
0.0261382583
-0.0076242376
0.0053401849
-0.0026809651
-0.0001004924
-0.0048492462
-0.0228999924
0.0240310078
-0.033560434
-0.0163968668
-0.0354374602
0.0232545339
-0.0102199989
-0.0014129667
0.0306666667
0.0036961745
0.0326432912
-0.0044576902
-0.0030192155
0.0047221866
-0.0352499425
0.0168392068
0.0077594063
-0.0031780482
0.0122602385
-0.0096279415
-0.0138066551
-0.0232808117
-0.0028184136
-0.0021265141
-0.017803674
-0.0019224959
0.0009080653
0.0011271788
0.0059590828
-0.0057599913
0.0076604157
-0.0125340599
-0.0023178808
0.0063336652
-0.009179607
-0.0028848021
0.0120733302
-0.0255353069
0.0026796796
0.0063015163
0.0014816471
0.0425971416
-0.0095850067
-0.002108564
-0.0141680663
-0.0156082548
0.0074253971
-0.0055695641
-0.0006408827
-0.0436916214
0.0453087644
-0.0251032021
0.0012588693
-0.0037432849
-0.0141402553
-0.0007855231
-0.0083272674
-0.004286679
-0.0267154189
0.0133910989
0.0314508655
0.0080867221
-0.0090281771
0.0181628271
0.0528325544
0.0592486331
-0.0002555257
0.0390031949
0.0001967971
-0.0075506038
-0.0068150278
0.0126755995
-0.0139213995
0.014067966
-0.0008870709
0.0035514341
-0.0009584429
0.0134802716
-0.0143203883
-0.0055405073
-0.0129998762
0.0095333668
-0.0021620278
-0.0079944213
0.0054729865
0.0016729089
-0.0078021786
0.0077379158
-0.0254287994
-0.0051928783
0.0011314253
-0.0049058639
-0.0088018171
-0.0020311971
0.0063669337
0.0067933726
-0.0013649592
0.004358366
-0.0270381307
0.0004750343
0.0002110261
-0.0011603988
0.0015313936
-0.0008172519
-0.0013456109
0.0020871863
0.018798281
-0.0073495161
0.0020334741
0.0014569674
-0.0004676296
0.0034048968
0.0004403575
0.0211019626
-0.0057813728
-0.0022953914
0.0029141849
0.0012744373
-0.0042002902
0.0043458255
0.0029525555
-0.0102273881
-0.0618702085
-0.0190772931
0.0046252438
-0.0029676059
-0.0050070934
-0.0023763594
0.0072021074
-0.0085139534
-0.0043777185
-0.0022830407
0.0001130007
-0.0018925484
0.0597141644
-0.0089731606
-0.0433048587
-0.0042814489
-0.0041301273
0.0029542097
-0.0084116914
0.0012853103
-0.0007701963
0.016728996
-0.0089849782
-0.0004249894
-0.0023809524
-0.0246903057
0.0218486905
0.0021666619
