moving_average_5
nan
nan
nan
nan
4508600.0
4623200.0
4751400.0
4825000.0
4900600.0
4948200.0
4954400.0
4967400.0
4971800.0
5022400.0
5138800.0
5250800.0
5356800.0
5613800.0
5858000.0
6095400.0
6274400.0
6461200.0
6486200.0
6476800.0
6446200.0
6555600.0
6632200.0
6748600.0
6864600.0
6858200.0
6801200.0
6788600.0
6722800.0
6671600.0
6768000.0
6832200.0
6954400.0
7172000.0
7472400.0
7708800.0
7985200.0
8191400.0
8243800.0
8249000.0
8288200.0
8248600.0
8066200.0
7900400.0
7678200.0
7507800.0
7396400.0
7558200.0
7854000.0
8135800.0
8362000.0
8597800.0
8732800.0
8779600.0
8888200.0
8953200.0
9038200.0
9209000.0
9489000.0
9935000.0
10556000.0
10937800.0
11349000.0
11786600.0
12118000.0
12334000.0
12850000.0
13392000.0
14563600.0
16727600.0
18154000.0
18971000.0
19574200.0
19757600.0
18787400.0
18407000.0
18585200.0
19068000.0
19647600.0
20235800.0
20981600.0
21723000.0
22235600.0
22234600.0
21676200.0
21363800.0
20808800.0
20245600.0
20192200.0
20768400.0
20576400.0
20516000.0
20234600.0
19704000.0
19082000.0
19221600.0
19543600.0
20541000.0
22173800.0
23786600.0
24905800.0
25771800.0
25894600.0
24669200.0
23162200.0
22139400.0
21320400.0
20358400.0
19916200.0
18894200.0
17735400.0
16484400.0
15717600.0
15268000.0
15340200.0
15138800.0
14791000.0
14406600.0
13629600.0
13276800.0
13068000.0
13110200.0
13002000.0
12732800.0
12443400.0
11877400.0
11089000.0
10411200.0
9865800.0
9146400.0
8860800.0
8656200.0
8648200.0
8854000.0
9279400.0
9415000.0
9765600.0
9850800.0
9959600.0
10239200.0
10667600.0
11099600.0
11511600.0
11946800.0
12385000.0
12655600.0
12548200.0
12568000.0
12348800.0
11885200.0
11676800.0
11714400.0
11673400.0
11805600.0
12052600.0
12264200.0
12392400.0
12569600.0
12531400.0
12278400.0
11815600.0
11380800.0
10804200.0
10503600.0
10306200.0
10236400.0
9983400.0
9833800.0
9548800.0
9239600.0
9009600.0
9122600.0
9265400.0
9430200.0
9653400.0
9819200.0
9791600.0
9721200.0
9547800.0
9321400.0
9098000.0
8765000.0
8390000.0
8119000.0
7885200.0
7681200.0
7716600.0
7694600.0
7636800.0
7596400.0
7561000.0
7467000.0
7458600.0
7462600.0
7492400.0
7610000.0
7760600.0
7940600.0
8187600.0
8434400.0
8500200.0
8555600.0
8684400.0
8862200.0
9076600.0
9307000.0
9528600.0
9830800.0
9886200.0
9965200.0
10008600.0
10065200.0
10001600.0
10063400.0
10016600.0
10059200.0
10187200.0
10278800.0
10415200.0
10572800.0
10650800.0
10560800.0
10512800.0
10344000.0
10058400.0
9870200.0
9784200.0
9662600.0
9567400.0
9575600.0
9497400.0
9369800.0
9232800.0
9206800.0
9216400.0
9186400.0
9050000.0
8910600.0
8700000.0
8463400.0
8311800.0
8195800.0
8172600.0
8150600.0
8174600.0
8194600.0
8281800.0
8305800.0
8314000.0
8329600.0
8345000.0
8352200.0
8336600.0
8333600.0
8176800.0
8032000.0
7827000.0
7566800.0
7391200.0
7312000.0
7240400.0
7214000.0
7298200.0
7337800.0
7409400.0
7456200.0
7405000.0
7318800.0
7206600.0
7106200.0
6984000.0
6976600.0
6907000.0
6900200.0
6925800.0
6967600.0
7042000.0
7165200.0
7239400.0
7282000.0
7356200.0
7406800.0
7450400.0
7479400.0
7432000.0
7381200.0
7289200.0
7196800.0
7123800.0
7131400.0
7177000.0
7375000.0
7624600.0
7891400.0
8126000.0
8308600.0
8362400.0
8452400.0
8654200.0
8815600.0
8932200.0
9086800.0
9181400.0
9138600.0
9161000.0
9131000.0
9051800.0
8953000.0
8807000.0
8567800.0
8423200.0
8274400.0
8080200.0
7840200.0
7734000.0
7564600.0
7433200.0
7360200.0
7376000.0
7314000.0
7334400.0
7336800.0
7357000.0
7357800.0
7397400.0
7382000.0
7389600.0
7348200.0
7357800.0
7383800.0
7453600.0
7488000.0
7567800.0
7647800.0
7700600.0
7751000.0
7814600.0
7877200.0
7932000.0
7992000.0
8075000.0
8041800.0
7946200.0
7800000.0
7616200.0
7408400.0
7323400.0
7266600.0
7237000.0
7266800.0
7292200.0
7310000.0
7333400.0
7324800.0
7300600.0
7277800.0
7267400.0
7303600.0
7373400.0
7426600.0
7463600.0
7461200.0
7413800.0
7395200.0
7376800.0
7362800.0
7381600.0
7396600.0
7381000.0
7376600.0
7400800.0
7422800.0
7444800.0
7467400.0
7498600.0
7507800.0
7501600.0
7442000.0
7382200.0
7311600.0
7245800.0
7234000.0
7267000.0
7295800.0
7326600.0
7345200.0
7323000.0
7314800.0
7308800.0
7294200.0
7295200.0
7289200.0
7282200.0
7279600.0
7277200.0
7237400.0
7211000.0
7188200.0
7168600.0
7152800.0
7163400.0
7178000.0
7185200.0
7194200.0
7220400.0
7246800.0
7252800.0
7260600.0
7265000.0
7252800.0
7246000.0
7153800.0
7012200.0
6846600.0
6673800.0
6510400.0
6277600.0
6007200.0
5777000.0
5493000.0
5209400.0
4984200.0
4872000.0
4691400.0
4574400.0
4531800.0
4601400.0
4591200.0
4661200.0
4722200.0
4639600.0
4563000.0
4502400.0
4351200.0
4187800.0
4085400.0
3996600.0
3923200.0
3894600.0
3898600.0
3867800.0
3793600.0
3738400.0
3701400.0
3708400.0
3781800.0
3878200.0
4064800.0
4204000.0
4312200.0
4382400.0
4465400.0
4403600.0
4395600.0
4327600.0
4307400.0
4239600.0
4249200.0
4230600.0
4263400.0
4265200.0
4282000.0
4284400.0
4303200.0
4349600.0
4380000.0
4419200.0
4450200.0
4408800.0
4325000.0
4244800.0
4141400.0
4069400.0
4058800.0
4049000.0
4044400.0
4061000.0
4064400.0
4054400.0
4038600.0
4026200.0
4016200.0
3989800.0
3984400.0
3982400.0
3970000.0
3936400.0
3898800.0
3869400.0
3831800.0
3804800.0
3810200.0
3815400.0
3817800.0
3829800.0
3824800.0
3810400.0
3848000.0
3883200.0
3920800.0
3959800.0
3999400.0
3994200.0
3991400.0
3984000.0
3987200.0
3999000.0
4049600.0
4104600.0
4170400.0
4235600.0
4296800.0
4345400.0
4329200.0
4317200.0
4297200.0
4279800.0
4232000.0
4246000.0
4245600.0
4247800.0
4227000.0
4228800.0
4231200.0
4238400.0
4252600.0
4292000.0
4309400.0
4324800.0
4332200.0
4335200.0
4332200.0
4336800.0
4358400.0
4378200.0
4404800.0
4434600.0
4469400.0
4478600.0
4491600.0
4501400.0
4509200.0
4500000.0
4500400.0
4512000.0
4520600.0
4543800.0
4573600.0
4607200.0
4639800.0
4812000.0
5002600.0
5189600.0
5394400.0
5610800.0
5710600.0
5810000.0
5895800.0
5992000.0
6005400.0
6002800.0
5962400.0
5954000.0
5892800.0
5925600.0
5947000.0
5983200.0
6009000.0
6065200.0
6089400.0
6136000.0
6212000.0
6277600.0
6273400.0
6271800.0
6247200.0
6184800.0
6107600.0
6107000.0
6118000.0
6160600.0
6252200.0
6390200.0
6507600.0
6593200.0
6678400.0
6751000.0
6861800.0
7020000.0
7369600.0
7653000.0
8107200.0
8552400.0
8974600.0
9194000.0
9338200.0
9256800.0
9299400.0
9294400.0
9303200.0
9386800.0
9520400.0
9494000.0
9496600.0
9654600.0
9868000.0
10036400.0
10185400.0
10290600.0
10307400.0
10302200.0
10336600.0
10271400.0
10144600.0
9984600.0
9813600.0
9662400.0
9609200.0
9606800.0
9636400.0
9654800.0
9665600.0
9706000.0
9903600.0
10063000.0
10287600.0
10538000.0
10731400.0
10851600.0
11015800.0
11272600.0
11541200.0
11897000.0
12262600.0
12781000.0
13553000.0
13879000.0
14404200.0
14741200.0
14672600.0
14107000.0
13942400.0
13764800.0
13556600.0
13510400.0
13626600.0
13716000.0
13746200.0
14027200.0
14272800.0
14305400.0
14414800.0
14262800.0
13759800.0
13474000.0
13009600.0
12499400.0
12269200.0
12294000.0
12216800.0
12440200.0
12572600.0
12400200.0
12212600.0
12005200.0
11828200.0
11628200.0
11530800.0
11464600.0
11380600.0
11436000.0
11637400.0
11888000.0
12186600.0
12513600.0
12958400.0
13251400.0
13582600.0
13876200.0
14134200.0
14037800.0
14056600.0
13952000.0
13733200.0
13324000.0
13108000.0
12847800.0
12593400.0
12465800.0
12658400.0
12725000.0
12668600.0
12625800.0
12612600.0
12419800.0
12273000.0
12298600.0
12298200.0
12167000.0
12031800.0
11914600.0
11752800.0
11664800.0
11794400.0
12030000.0
12231800.0
12438200.0
12552800.0
12560400.0
12493800.0
12421200.0
12308000.0
12272200.0
12263000.0
12250200.0
12245200.0
12263400.0
12257600.0
12184400.0
12133200.0
12118600.0
12099600.0
12051200.0
12026200.0
11925200.0
11528000.0
11141800.0
10703600.0
10283000.0
9948800.0
9844000.0
9804400.0
9861800.0
9910600.0
9923200.0
9940200.0
9895200.0
9786400.0
9720800.0
9679000.0
9764400.0
9853800.0
9928000.0
9951600.0
9967400.0
9905200.0
9815600.0
9757800.0
9697000.0
9622400.0
9535600.0
9533800.0
9561400.0
9542800.0
9421200.0
9282400.0
9353000.0
9566400.0
9867400.0
10249400.0
10679600.0
10803400.0
10795800.0
10761800.0
10784800.0
10759000.0
10791800.0
10803800.0
10793000.0
10756400.0
10645800.0
10526200.0
10475000.0
10358400.0
10276200.0
10276000.0
10241400.0
10125000.0
10076600.0
10010000.0
9883800.0
9769400.0
9683800.0
9503400.0
9248800.0
9066800.0
8809800.0
8580200.0
8457400.0
8467600.0
8468400.0
8632200.0
8732200.0
8776200.0
8752800.0
8739400.0
8635000.0
8604400.0
8641000.0
8680800.0
8720800.0
8753600.0
8724000.0
8659400.0
8590000.0
8526600.0
8446200.0
8402600.0
8314600.0
8175600.0
8170800.0
8181000.0
8184800.0
8233800.0
8423200.0
8434000.0
8462400.0
8468800.0
8484000.0
8423200.0
8405600.0
8408800.0
8403000.0
8391200.0
8374200.0
8295200.0
8292800.0
8321000.0
8349400.0
8462600.0
8734800.0
8857000.0
8948800.0
9104600.0
9143400.0
9106400.0
9123800.0
9278800.0
9379200.0
9524200.0
9680000.0
9862600.0
9896800.0
9920000.0
9954600.0
9940600.0
9873600.0
9858800.0
9837600.0
9839200.0
9881200.0
10045200.0
10216600.0
10423400.0
10586400.0
10724000.0
10763000.0
10779000.0
10750200.0
10804800.0
10893600.0
11038600.0
11202200.0
11439400.0
11532600.0
11643600.0
11704200.0
11749200.0
11754000.0
11750600.0
11718600.0
11647600.0
11656600.0
11570600.0
11574000.0
11541800.0
11553400.0
11536400.0
11580000.0
11542000.0
11390600.0
11231200.0
10995600.0
10743800.0
10552600.0
10539400.0
10500000.0
10485600.0
10569000.0
10662200.0
10662800.0
10537600.0
10382200.0
10138800.0
9872800.0
9009800.0
8488000.0
7907400.0
7374400.0
6749400.0
6831600.0
6727200.0
6898400.0
7072800.0
7343800.0
7462200.0
7722600.0
7860200.0
7958200.0
8064600.0
8167400.0
8089200.0
7859400.0
7764800.0
7670200.0
7709000.0
7812600.0
8000200.0
8090400.0
8170200.0
8312600.0
8409800.0
8542800.0
8653800.0
8697000.0
8632400.0
8594400.0
8506000.0
8420800.0
8359600.0
8379400.0
8389200.0
8455800.0
8512200.0
8568000.0
8537000.0
8560400.0
8629400.0
8717400.0
8872800.0
9066600.0
9237400.0
9308000.0
9594000.0
9856600.0
10136000.0
10414400.0
10709800.0
10773800.0
10872800.0
10972000.0
11195200.0
11394000.0
11534000.0
11473800.0
11309600.0
11045400.0
10922800.0
10968000.0
11096600.0
11272000.0
11460400.0
11547800.0
11538000.0
11581600.0
11534400.0
11434000.0
11321000.0
11108400.0
10967000.0
10895000.0
10904200.0
10992000.0
11138800.0
11290000.0
11430600.0
11620400.0
11608600.0
11658600.0
11699200.0
11732200.0
11638000.0
11671400.0
11679800.0
11660600.0
11688600.0
11578400.0
11517000.0
11456600.0
11368200.0
11290000.0
11362600.0
11374000.0
11364600.0
11372600.0
11368400.0
11325400.0
11356600.0
11390200.0
11379600.0
11344000.0
11305400.0
11169400.0
11061600.0
11009400.0
10960600.0
10961800.0
10956800.0
10930200.0
10912600.0
10898200.0
10901000.0
10921000.0
10981200.0
10996600.0
11039000.0
11017400.0
11027000.0
10999400.0
11009200.0
10995600.0
10991000.0
10971200.0
10952200.0
10938800.0
10933800.0
10971600.0
11038000.0
11123200.0
11203800.0
11309200.0
11427600.0
11757000.0
12045200.0
12400800.0
12725000.0
13065200.0
13266400.0
13318000.0
13347600.0
13391800.0
13477200.0
13469600.0
13619000.0
13742000.0
13842200.0
13871600.0
13818600.0
13805000.0
13789600.0
13794800.0
13772400.0
13826400.0
13925400.0
13963400.0
13969800.0
13987600.0
13966000.0
13893200.0
13853600.0
13853200.0
13755000.0
13711000.0
13623200.0
13572600.0
13491400.0
13530400.0
13566000.0
13680600.0
13685000.0
13451600.0
13244600.0
12973200.0
12649000.0
12412400.0
12378000.0
12286200.0
12275400.0
12272000.0
12270200.0
12319400.0
12415800.0
12513000.0
12628400.0
12714800.0
12794800.0
12851000.0
12852000.0
12727400.0
12634000.0
12467200.0
12379200.0
12306400.0
12349600.0
12383800.0
12488800.0
12509000.0
12529600.0
12516400.0
12498000.0
12483000.0
12452200.0
12447800.0
12443400.0
12443400.0
12481200.0
12519400.0
12585000.0
12688200.0
12838000.0
12948400.0
13050800.0
13123200.0
13147200.0
13128400.0
13143000.0
13196000.0
13280000.0
13553800.0
13849800.0
14125200.0
14394200.0
14603000.0
14671200.0
14822000.0
14917200.0
15006600.0
15136600.0
15305000.0
15357400.0
15424800.0
15559600.0
15683400.0
16032600.0
16397200.0
16647200.0
16930400.0
17159800.0
17096400.0
17104800.0
17366200.0
17504400.0
17642400.0
17769400.0
17936600.0
18212200.0
18557400.0
18958600.0
19550000.0
19965200.0
20160200.0
20237400.0
20468400.0
20511000.0
20285800.0
20050200.0
19927000.0
19733800.0
19828800.0
20157200.0
20550800.0
20889800.0
21005400.0
20898600.0
20920400.0
20867800.0
20634000.0
20573600.0
20407400.0
20143800.0
20094000.0
20250600.0
20385000.0
20615600.0
21261600.0
22093200.0
22964800.0
24010800.0
24966200.0
25466000.0
25872600.0
26118400.0
26185200.0
26433600.0
27231800.0
27740400.0
28514200.0
29313200.0
30267000.0
30799800.0
31395200.0
32485400.0
33893200.0
34807000.0
36017200.0
37710400.0
39510000.0
41445600.0
43297200.0
44359400.0
44225800.0
43001600.0
41834600.0
41238000.0
40747600.0
40746000.0
40937800.0
40663400.0
40033600.0
39693800.0
38580400.0
37942200.0
37039200.0
36229800.0
35590000.0
35870800.0
35461800.0
35688000.0
36084800.0
36291400.0
36388400.0
36852000.0
37109200.0
37476000.0
38020600.0
38823800.0
39845200.0
40647400.0
42590000.0
44383800.0
46009000.0
47938000.0
49721000.0
50032200.0
50817600.0
51614000.0
52292000.0
53621600.0
55066800.0
57255400.0
59599200.0
61730600.0
62582600.0
62033200.0
60603400.0
58586800.0
56264200.0
54614200.0
53952800.0
53938000.0
54304400.0
55130200.0
55716600.0
56687800.0
56647600.0
57078600.0
57456200.0
58760800.0
60300000.0
62296600.0
63987000.0
66145800.0
67273400.0
67300800.0
67263200.0
67640600.0
66945400.0
66822800.0
67495200.0
67715200.0
66961400.0
66625200.0
65985800.0
65081600.0
64792600.0
65165800.0
65500800.0
66285600.0
67780000.0
68947600.0
70179200.0
71523600.0
72220800.0
72855600.0
74307000.0
75346000.0
75145000.0
75770800.0
76189200.0
76141200.0
76301000.0
77366600.0
78450600.0
79317600.0
79545600.0
79667200.0
79612600.0
78594000.0
76805000.0
74951400.0
72720800.0
69132200.0
66183600.0
64063000.0
61954400.0
61154400.0
62115400.0
62755400.0
63347600.0
64963600.0
65933800.0
66670800.0
67850000.0
68453000.0
68601000.0
68544600.0
68566800.0
68915600.0
69850800.0
70295400.0
70490200.0
69229000.0
67494800.0
65553200.0
63134200.0
60715800.0
59075800.0
57145800.0
54862200.0
53364800.0
51657400.0
50338000.0
48171200.0
47488000.0
46633400.0
46276000.0
46096600.0
46324200.0
45469200.0
44695200.0
43982400.0
43309800.0
43311600.0
43860200.0
43812400.0
43448800.0
43164800.0
42231200.0
40843800.0
40911800.0
41090400.0
41474000.0
41947200.0
43197600.0
43842200.0
44552800.0
44872200.0
45557000.0
45127600.0
44245000.0
43335600.0
41755200.0
40341200.0
39636800.0
39238800.0
38300800.0
38348000.0
38788200.0
38964600.0
39250600.0
39955000.0
40293200.0
40184600.0
40252600.0
40136600.0
39903000.0
40001800.0
40062000.0
39818600.0
39593000.0
39617000.0
39693000.0
39583000.0
39509200.0
39263600.0
38859600.0
38260600.0
37863000.0
37653000.0
37294400.0
36834200.0
36997000.0
37141000.0
37430000.0
38092600.0
39245600.0
40243200.0
41740000.0
43188400.0
44347400.0
45844400.0
46840000.0
47013000.0
46833200.0
46645600.0
46078200.0
45910200.0
46525200.0
47626200.0
48792200.0
50217800.0
51257800.0
51906000.0
52130600.0
53000000.0
53393200.0
53852600.0
54107200.0
54223400.0
53756600.0
53797600.0
54407000.0
55145000.0
56149200.0
57112200.0
57335600.0
57219000.0
56753400.0
56697400.0
56657600.0
56885200.0
56625200.0
56626200.0
56437000.0
56382400.0
56484600.0
56890000.0
57686400.0
58563200.0
58466600.0
58026000.0
57640600.0
56804400.0
55596600.0
55277800.0
55016600.0
55149400.0
55584600.0
56080000.0
56592800.0
57457400.0
57739800.0
57058600.0
55743000.0
54985800.0
54148400.0
52988400.0
52693400.0
53113200.0
52708800.0
51888600.0
51613400.0
51852800.0
52962800.0
54241600.0
55893200.0
57737200.0
59365800.0
61096200.0
62550600.0
64027400.0
65434800.0
66661800.0
67446000.0
68178800.0
68960000.0
69505200.0
71082600.0
71859600.0
73213400.0
74551200.0
76349800.0
77195600.0
77513600.0
77199800.0
76856600.0
76001600.0
75258200.0
74637600.0
74133800.0
73792200.0
73805600.0
73248200.0
73067800.0
73179000.0
73384600.0
73391000.0
73469800.0
73815800.0
74250600.0
74727800.0
76088400.0
77498400.0
78606200.0
79474600.0
79800400.0
79093200.0
78783800.0
78372200.0
77368200.0
76522200.0
75071000.0
73571600.0
72785000.0
72615000.0
71945800.0
72184000.0
72157400.0
72057800.0
71158200.0
71048200.0
71148400.0
71260400.0
70766600.0
71244000.0
71344000.0
70494000.0
68487200.0
66722200.0
65060200.0
63593200.0
62426000.0
61869800.0
61431000.0
61191200.0
60960200.0
60242000.0
60343000.0
60646000.0
60324000.0
59531400.0
59486600.0
59166400.0
58529000.0
58570200.0
58903600.0
59521200.0
60243200.0
60876400.0
61165200.0
61516200.0
60873000.0
59903000.0
59107600.0
58171000.0
57452400.0
57303800.0
57214200.0
56978800.0
56392800.0
55457600.0
54241200.0
53341400.0
52472400.0
51950800.0
51764400.0
52144400.0
52093000.0
52203400.0
52425600.0
52397200.0
52014600.0
51873400.0
51494000.0
50952200.0
49582400.0
47970200.0
46585000.0
45464600.0
44516800.0
44473600.0
44960400.0
45427400.0
45910400.0
46370200.0
46803400.0
47193600.0
46979400.0
46717200.0
47402200.0
48106600.0
48901000.0
50499800.0
52063000.0
52668400.0
53135400.0
53165400.0
52782600.0
52362400.0
51947600.0
52089400.0
52372600.0
51928400.0
51421400.0
50911200.0
49571000.0
48001400.0
47421000.0
46726600.0
46305000.0
46445000.0
46916800.0
46893600.0
48251400.0
49624000.0
50729600.0
51536200.0
51954600.0
51209200.0
50000200.0
48811400.0
48085600.0
48709600.0
48772000.0
48886000.0
49103000.0
48962400.0
48482600.0
48427200.0
48842000.0
49155800.0
49807800.0
50222600.0
50587000.0
50534800.0
50861800.0
51135400.0
51479600.0
52145400.0
52900200.0
53749200.0
54704400.0
55508200.0
56074000.0
56364000.0
56448000.0
56275200.0
56206000.0
56293000.0
56453600.0
55794200.0
55347000.0
54606000.0
53846600.0
53179400.0
52575000.0
51927600.0
51680800.0
51078200.0
50684400.0
50787800.0
50664800.0
50492600.0
50735200.0
50842800.0
50890400.0
50885400.0
50666000.0
50298400.0
50143600.0
49738000.0
49741400.0
49909000.0
49931200.0
49665000.0
49786200.0
49699400.0
49338800.0
49515800.0
49188600.0
48718200.0
48115600.0
47314200.0
45391400.0
44071200.0
42723000.0
41270200.0
40170200.0
39963200.0
39935200.0
39728400.0
39731600.0
39297400.0
39060000.0
38431200.0
38187400.0
38122200.0
38189600.0
37999000.0
38033600.0
37958600.0
37539400.0
37459000.0
37369600.0
37692600.0
38144800.0
38353400.0
38625000.0
38719200.0
38392400.0
38002200.0
38332600.0
38533800.0
38679800.0
38747800.0
38675600.0
38180800.0
37244800.0
35403000.0
33517600.0
31846000.0
29814000.0
28272400.0
27416600.0
26979200.0
26457200.0
26471000.0
26307600.0
26772800.0
26963800.0
27201600.0
27300200.0
27469400.0
27295000.0
27085200.0
26719400.0
26338600.0
26023400.0
25798400.0
25768600.0
25877600.0
26157200.0
26687600.0
27251400.0
27611600.0
27765400.0
27666600.0
27188200.0
26862200.0
26649200.0
26689400.0
26968800.0
27325200.0
27867400.0
28572400.0
29169800.0
29681400.0
30196400.0
30276400.0
30108000.0
29718000.0
29315200.0
29339600.0
29638600.0
29955800.0
30501000.0
30971000.0
31100800.0
31008200.0
30869000.0
30675800.0
30679000.0
30615600.0
30601800.0
30752000.0
30888400.0
31051600.0
31298800.0
31635400.0
31856000.0
32165400.0
32337800.0
32400200.0
32236000.0
32067600.0
31294400.0
30673400.0
30148800.0
29691400.0
29208800.0
29294000.0
29286000.0
28988000.0
28683800.0
28242200.0
27979800.0
27582600.0
27494800.0
27474200.0
27568600.0
27499600.0
27542400.0
27498200.0
27243200.0
27091000.0
26979000.0
27343400.0
27827000.0
28560400.0
29329600.0
29626400.0
29425200.0
29084600.0
28662000.0
28165600.0
27989400.0
27833800.0
27580400.0
27305000.0
27184600.0
27205400.0
27146200.0
27205000.0
27416800.0
27402600.0
27474200.0
27626800.0
27801400.0
27855600.0
27893600.0
27963000.0
28152400.0
28311800.0
28421800.0
28444600.0
28333400.0
28073200.0
27809200.0
27593400.0
27524400.0
27537800.0
27534000.0
27558600.0
27621800.0
27728400.0
27728800.0
27728200.0
27724400.0
27709400.0
27634800.0
27668600.0
27697800.0
27895600.0
28195400.0
28389400.0
28584800.0
28842400.0
28935000.0
28874800.0
28906600.0
28841400.0
28761800.0
28848000.0
29043600.0
29188400.0
29251000.0
28842400.0
27548600.0
26553200.0
25389800.0
24276800.0
23448800.0
23405200.0
23050000.0
22909600.0
22830000.0
22940200.0
23016200.0
22973200.0
22826400.0
22746800.0
22731600.0
22663000.0
22640600.0
22728600.0
22741000.0
22611800.0
22547600.0
22650800.0
22719200.0
22765400.0
22863600.0
22961400.0
22868000.0
22831800.0
22765200.0
22782800.0
22771400.0
22792600.0
22783400.0
22839400.0
22888000.0
22965200.0
22987400.0
22882200.0
22763400.0
22573200.0
22257000.0
22070800.0
22009600.0
21941800.0
21874200.0
21933600.0
21901000.0
21852800.0
21738800.0
21576600.0
21426600.0
21271000.0
21146400.0
21106800.0
21137600.0
21167600.0
21271200.0
21370400.0
21449200.0
21514000.0
21584600.0
21598000.0
21666200.0
21859800.0
22262400.0
22882000.0
23727200.0
24511200.0
25287800.0
25828400.0
26011600.0
26076400.0
26514400.0
26907400.0
27334400.0
27912600.0
28341800.0
28483800.0
28603200.0
28715200.0
28806000.0
29069800.0
29063800.0
29090600.0
29224600.0
29332000.0
29284400.0
29427200.0
29412400.0
29332800.0
29303200.0
29277400.0
29032000.0
28858000.0
28689000.0
28451200.0
28252400.0
28373400.0
28986600.0
29401400.0
30077000.0
30773000.0
31300400.0
31439800.0
31696800.0
31692400.0
31614200.0
31502600.0
31317800.0
31226400.0
31153600.0
31078800.0
31124600.0
31154600.0
30840600.0
30557200.0
30348800.0
30081400.0
29775400.0
29638200.0
29191400.0
28663600.0
28257200.0
28181200.0
28711800.0
29689000.0
30722600.0
31842200.0
33243800.0
34062000.0
35010600.0
35967400.0
36744600.0
36777600.0
37079000.0
36982200.0
36873200.0
36861000.0
36808600.0
36559000.0
36689400.0
36770800.0
36846800.0
37141800.0
37396800.0
37279400.0
37289000.0
37208800.0
37103400.0
37041800.0
37095000.0
37116600.0
37485800.0
38075000.0
38616200.0
39182400.0
39680600.0
39843600.0
39764200.0
39564400.0
39508200.0
39207400.0
38781800.0
38127800.0
37824200.0
37258600.0
36948600.0
36989600.0
37325600.0
37740800.0
38197000.0
38640000.0
38894400.0
38844800.0
38674200.0
38598200.0
38521200.0
38502000.0
38683600.0
38631200.0
38341600.0
38055600.0
37659200.0
37206000.0
36845600.0
36669400.0
36522400.0
36434600.0
36436600.0
36508400.0
36481600.0
36429800.0
36380400.0
36306400.0
36155800.0
36184000.0
36043200.0
35875600.0
35819600.0
35795000.0
35988800.0
36296800.0
36570200.0
36694200.0
36694000.0
36441800.0
36221000.0
36011200.0
35592600.0
35598400.0
35371000.0
35192600.0
34992600.0
35007400.0
34706000.0
34527400.0
34310800.0
33939200.0
33754600.0
33785800.0
33930000.0
34040600.0
34457600.0
35157000.0
36083800.0
36952800.0
38189800.0
39303200.0
39984400.0
40172800.0
40464800.0
40338600.0
40323400.0
40362400.0
40485200.0
40498600.0
40734600.0
40740000.0
40707600.0
40541400.0
40459000.0
40249600.0
40094000.0
40027000.0
40078400.0
39991200.0
39983000.0
39835000.0
39602800.0
39366000.0
39153600.0
38811400.0
38657600.0
38593200.0
38572400.0
38579200.0
38688000.0
38601800.0
38470400.0
38288200.0
38107800.0
37905200.0
37907000.0
37895000.0
37897200.0
38050800.0
38136000.0
38243000.0
38371400.0
38480400.0
38473000.0
38525800.0
38726000.0
38869400.0
38998400.0
39124000.0
39256200.0
39192400.0
39208200.0
39265200.0
39218800.0
38679800.0
38034200.0
37387800.0
36696800.0
36050400.0
35869600.0
35879800.0
35795600.0
35701600.0
35627400.0
35571000.0
35449800.0
35811800.0
36137800.0
36158600.0
36148200.0
36122000.0
35694600.0
35275000.0
35185800.0
35121600.0
35203800.0
35201200.0
35255000.0
35283000.0
35142600.0
35035000.0
35006600.0
