nan
nan
nan
nan
nan
nan
nan
nan
nan
4728400.0
4788800.0
4859400.0
4898400.0
4961500.0
5043500.0
5102600.0
5162100.0
5292800.0
5440200.0
5617100.0
5762600.0
5909000.0
6050000.0
6167400.0
6270800.0
6415000.0
6546700.0
6617400.0
6670700.0
6652200.0
6678400.0
6710400.0
6735700.0
6768100.0
6813100.0
6816700.0
6871500.0
6947400.0
7072000.0
7238400.0
7408700.0
7572900.0
7707900.0
7860700.0
7998500.0
8116900.0
8128800.0
8072100.0
7963600.0
7898000.0
7822500.0
7812200.0
7877200.0
7907000.0
7934900.0
7997100.0
8145500.0
8316800.0
8512000.0
8657600.0
8818000.0
8970900.0
9134300.0
9411600.0
9754600.0
9988000.0
10279000.0
10637800.0
11026500.0
11445000.0
11893900.0
12370500.0
13175100.0
14422800.0
15244000.0
15910500.0
16483100.0
17160600.0
17757500.0
18280500.0
18778100.0
19321100.0
19702600.0
19511600.0
19694300.0
20154100.0
20651800.0
20941100.0
20956000.0
21172700.0
21265900.0
21240600.0
21213400.0
21222300.0
20970100.0
20662400.0
20240100.0
19948100.0
19925200.0
19899000.0
20029800.0
20387800.0
20938900.0
21434300.0
22063700.0
22657700.0
23217800.0
23421500.0
23474400.0
23522600.0
23546100.0
23126500.0
22292700.0
21028200.0
19937400.0
18902400.0
18038000.0
17592100.0
17117200.0
16437100.0
15637700.0
15062100.0
14448800.0
14308500.0
14103400.0
13950600.0
13704300.0
13181200.0
12860100.0
12472700.0
12099600.0
11706600.0
11299300.0
10794900.0
10369100.0
9872600.0
9529700.0
9359900.0
9212900.0
9137900.0
9210900.0
9249500.0
9406800.0
9759300.0
10041300.0
10432600.0
10681200.0
10953200.0
11312100.0
11661600.0
11823900.0
12039800.0
12147800.0
12135100.0
12166200.0
12131300.0
12120700.0
12077200.0
11968900.0
11970500.0
12053400.0
12121500.0
12168500.0
12165500.0
12039900.0
11886600.0
11686900.0
11517500.0
11292300.0
11026000.0
10682100.0
10319000.0
10026200.0
9772900.0
9623000.0
9553000.0
9549600.0
9489500.0
9446500.0
9414400.0
9457100.0
9493300.0
9489000.0
9487400.0
9458600.0
9278300.0
9055600.0
8833400.0
8603300.0
8389600.0
8240800.0
8042300.0
7877900.0
7740800.0
7621100.0
7591800.0
7576600.0
7549700.0
7544400.0
7585500.0
7613800.0
7699600.0
7825100.0
7963400.0
8055100.0
8158100.0
8312500.0
8524900.0
8755500.0
8903600.0
9042100.0
9257600.0
9374200.0
9520900.0
9657800.0
9796900.0
9916200.0
9974800.0
9990900.0
10033900.0
10126200.0
10140200.0
10239300.0
10294700.0
10355000.0
10374000.0
10395800.0
10379600.0
10315600.0
10260500.0
10172500.0
10087700.0
9955700.0
9817000.0
9683800.0
9577000.0
9447700.0
9387100.0
9396000.0
9341900.0
9209900.0
9071700.0
8953400.0
8839900.0
8749100.0
8622900.0
8541600.0
8425300.0
8319000.0
8253200.0
8238800.0
8239200.0
8232300.0
8252100.0
8269800.0
8317000.0
8321200.0
8323800.0
8253200.0
8188500.0
8089600.0
7951700.0
7862400.0
7744400.0
7636200.0
7520500.0
7432500.0
7364500.0
7360700.0
7348300.0
7309500.0
7308500.0
7272200.0
7257800.0
7220100.0
7190800.0
7112900.0
7053400.0
7016000.0
6975800.0
7009300.0
7036100.0
7069800.0
7103900.0
7161900.0
7224400.0
7307800.0
7359400.0
7357000.0
7368700.0
7348000.0
7323600.0
7301600.0
7281700.0
7279100.0
7332100.0
7410700.0
7507600.0
7628700.0
7742800.0
7868700.0
8038500.0
8272800.0
8470800.0
8620400.0
8724600.0
8816900.0
8896400.0
8988300.0
9031600.0
9069300.0
9067200.0
8972800.0
8864400.0
8777100.0
8663100.0
8516600.0
8323600.0
8150900.0
7993900.0
7853800.0
7720200.0
7608100.0
7524000.0
7449500.0
7385000.0
7358600.0
7366900.0
7355700.0
7358200.0
7363200.0
7352600.0
7357800.0
7390600.0
7417800.0
7438800.0
7458000.0
7502800.0
7542200.0
7602300.0
7651300.0
7722500.0
7789900.0
7846300.0
7913000.0
7928200.0
7911700.0
7866000.0
7804100.0
7741700.0
7682600.0
7606400.0
7518500.0
7441500.0
7350300.0
7316700.0
7300000.0
7280900.0
7283700.0
7285000.0
7288700.0
7318500.0
7349100.0
7363600.0
7370700.0
7364300.0
7358700.0
7384300.0
7401700.0
7413200.0
7421400.0
7405200.0
7388100.0
7376700.0
7381800.0
7402200.0
7420700.0
7424200.0
7437600.0
7454300.0
7462200.0
7443400.0
7424800.0
7405100.0
7376800.0
7367800.0
7354500.0
7339000.0
7319100.0
7295500.0
7278500.0
7290900.0
7302300.0
7310400.0
7320200.0
7306100.0
7298500.0
7294200.0
7285700.0
7266300.0
7250100.0
7235200.0
7224100.0
7215000.0
7200400.0
7194500.0
7186700.0
7181400.0
7186600.0
7205100.0
7215400.0
7222900.0
7229600.0
7236600.0
7246400.0
7203300.0
7136400.0
7055800.0
6963300.0
6878200.0
6715700.0
6509700.0
6311800.0
6083400.0
5859900.0
5630900.0
5439600.0
5234200.0
5033700.0
4870600.0
4792800.0
4731600.0
4676300.0
4648300.0
4585700.0
4582200.0
4546800.0
4506200.0
4455000.0
4362500.0
4279800.0
4212800.0
4122900.0
4043200.0
3976600.0
3895100.0
3830800.0
3798000.0
3803500.0
3824800.0
3835900.0
3901600.0
3952700.0
4010300.0
4082100.0
4171800.0
4234200.0
4299800.0
4319900.0
4344900.0
4352500.0
4326400.0
4313100.0
4295500.0
4286300.0
4260800.0
4266800.0
4266900.0
4306500.0
4322600.0
4350600.0
4367300.0
4356000.0
4337300.0
4312400.0
4280300.0
4259800.0
4233800.0
4187000.0
4144600.0
4101200.0
4066900.0
4056600.0
4043800.0
4035300.0
4038600.0
4027100.0
4019400.0
4010500.0
3998100.0
3976300.0
3944300.0
3926900.0
3907100.0
3887400.0
3873300.0
3857100.0
3843600.0
3830800.0
3814800.0
3810300.0
3831700.0
3850500.0
3875300.0
3892300.0
3904900.0
3921100.0
3937300.0
3952400.0
3973500.0
3999200.0
4021900.0
4048000.0
4077200.0
4111400.0
4147900.0
4197500.0
4216900.0
4243800.0
4266400.0
4288300.0
4288700.0
4287600.0
4281400.0
4272500.0
4253400.0
4230400.0
4238600.0
4242000.0
4250200.0
4259500.0
4269100.0
4278000.0
4285300.0
4293900.0
4312100.0
4323100.0
4341600.0
4355200.0
4370000.0
4383400.0
4403100.0
4418500.0
4434900.0
4453100.0
4471900.0
4484700.0
4489500.0
4501800.0
4511000.0
4526500.0
4536800.0
4553800.0
4575900.0
4666300.0
4773200.0
4881600.0
5000800.0
5125300.0
5261300.0
5406300.0
5542700.0
5693200.0
5808100.0
5856700.0
5886200.0
5924900.0
5942400.0
5965500.0
5974900.0
5972800.0
5981500.0
5979000.0
6007500.0
6041500.0
6097600.0
6143300.0
6169300.0
6180600.0
6191600.0
6198400.0
6192600.0
6190200.0
6194900.0
6203900.0
6218500.0
6248900.0
6307300.0
6355600.0
6419500.0
6501600.0
6626000.0
6763800.0
6981400.0
7165700.0
7429100.0
7707100.0
7997300.0
8281800.0
8495600.0
8682000.0
8925900.0
9134500.0
9248600.0
9362500.0
9388600.0
9396700.0
9395500.0
9478900.0
9627400.0
9778400.0
9839700.0
9893600.0
9981000.0
10085100.0
10186500.0
10228400.0
10217600.0
10146000.0
10057900.0
9999500.0
9940300.0
9875700.0
9810500.0
9734200.0
9664000.0
9657600.0
9755200.0
9849700.0
9971200.0
10101800.0
10218700.0
10377600.0
10539400.0
10780100.0
11039600.0
11314200.0
11557100.0
11898400.0
12412800.0
12710100.0
13150600.0
13501900.0
13726800.0
13830000.0
13910700.0
14084500.0
14148900.0
14091500.0
13866800.0
13829200.0
13755500.0
13791900.0
13891600.0
13966000.0
14065400.0
14004500.0
13893500.0
13873400.0
13657500.0
13457100.0
13266000.0
13026900.0
12845400.0
12724900.0
12536000.0
12334700.0
12253300.0
12111000.0
12134200.0
12100400.0
11965500.0
11838600.0
11692900.0
11632100.0
11632800.0
11709400.0
11825600.0
11947100.0
12197200.0
12444400.0
12735300.0
13031400.0
13323900.0
13498100.0
13654000.0
13767300.0
13804700.0
13729100.0
13572900.0
13452200.0
13272700.0
13099500.0
12991200.0
12916500.0
12758200.0
12609600.0
12539200.0
12539100.0
12499000.0
12483600.0
12462000.0
12389800.0
12225800.0
12093800.0
12025700.0
11981500.0
11980700.0
12030900.0
12073200.0
12095500.0
12108800.0
12177400.0
12261900.0
12326500.0
12373100.0
12412500.0
12411700.0
12372000.0
12333200.0
12285700.0
12264900.0
12223700.0
12191700.0
12181900.0
12181500.0
12154400.0
12105300.0
12029200.0
11823300.0
11620700.0
11377400.0
11154600.0
10937000.0
10686000.0
10473100.0
10282700.0
10096800.0
9936000.0
9892100.0
9849800.0
9824100.0
9815700.0
9801100.0
9852300.0
9874500.0
9857200.0
9836200.0
9823200.0
9834800.0
9834700.0
9842900.0
9824300.0
9794900.0
9720400.0
9674700.0
9659600.0
9619900.0
9521800.0
9409000.0
9443400.0
9563900.0
9705100.0
9835300.0
9981000.0
10078200.0
10181100.0
10314600.0
10517100.0
10719300.0
10797600.0
10799800.0
10777400.0
10770600.0
10702400.0
10659000.0
10639400.0
10575700.0
10516300.0
10460900.0
10383800.0
10300000.0
10217500.0
10143100.0
10079900.0
10005400.0
9904400.0
9790000.0
9629400.0
9475300.0
9289600.0
9132000.0
8980400.0
8858200.0
8767600.0
8721000.0
8656200.0
8616800.0
8610200.0
8603900.0
8633600.0
8668300.0
8708600.0
8716800.0
8730100.0
8694300.0
8664200.0
8650200.0
8635400.0
8623700.0
8599900.0
8563300.0
8487000.0
8382800.0
8348700.0
8313600.0
8293700.0
8274200.0
8299400.0
8302400.0
8321700.0
8326800.0
8358900.0
8423200.0
8419800.0
8435600.0
8435900.0
8437600.0
8398700.0
8350400.0
8350800.0
8362000.0
8370300.0
8418400.0
8515000.0
8574900.0
8634900.0
8727000.0
8803000.0
8920600.0
8990400.0
9113800.0
9241900.0
9333800.0
9393200.0
9493200.0
9587800.0
9649600.0
9739400.0
9810300.0
9868100.0
9877800.0
9878800.0
9896900.0
9910900.0
9959400.0
10037700.0
10130500.0
10212800.0
10302600.0
10404100.0
10497800.0
10586800.0
10695600.0
10808800.0
10900800.0
10990600.0
11094800.0
11168700.0
11268600.0
11371400.0
11475700.0
11596700.0
11641600.0
11681100.0
11675900.0
11702900.0
11662300.0
11662300.0
11630200.0
11600500.0
11596500.0
11575300.0
11558000.0
11466200.0
11392300.0
11266000.0
11161900.0
11047300.0
10965000.0
10865600.0
10740600.0
10656400.0
10607400.0
10601100.0
10518800.0
10433900.0
10353900.0
10267500.0
9836300.0
9512800.0
9144800.0
8756600.0
8311100.0
7920700.0
7607600.0
7402900.0
7223600.0
7046600.0
7146900.0
7224900.0
7379300.0
7515500.0
7704200.0
7814800.0
7905900.0
7859800.0
7861500.0
7867400.0
7938200.0
7950900.0
7929800.0
7927600.0
7920200.0
8010800.0
8111200.0
8271500.0
8372100.0
8433600.0
8472500.0
8502100.0
8524400.0
8537300.0
8528300.0
8505900.0
8491800.0
8480900.0
8466500.0
8463800.0
8458200.0
8474800.0
8542600.0
8614800.0
8720400.0
8801800.0
8898900.0
8968700.0
9155700.0
9364700.0
9601300.0
9825900.0
10008900.0
10183900.0
10364700.0
10554000.0
10804800.0
11051900.0
11153900.0
11173300.0
11140800.0
11120300.0
11158400.0
11251000.0
11285200.0
11290800.0
11252900.0
11235300.0
11253000.0
11339100.0
11403200.0
11447200.0
11434400.0
11323200.0
11274300.0
11214700.0
11169100.0
11156500.0
11123600.0
11128500.0
11162800.0
11262300.0
11300300.0
11398700.0
11494600.0
11581400.0
11629200.0
11640000.0
11669200.0
11679900.0
11710400.0
11608200.0
11594200.0
11568200.0
11514400.0
11489300.0
11470500.0
11445500.0
11410600.0
11370400.0
11329200.0
11344000.0
11365300.0
11377400.0
11376100.0
11356200.0
11315400.0
11263000.0
11225900.0
11194500.0
11152300.0
11133600.0
11063100.0
10995900.0
10961000.0
10929400.0
10931400.0
10938900.0
10955700.0
10954600.0
10968600.0
10959200.0
10974000.0
10990300.0
11002900.0
11017300.0
11004200.0
10999100.0
10975800.0
10974000.0
10964700.0
10981300.0
11004600.0
11037700.0
11071300.0
11121500.0
11199600.0
11397500.0
11584200.0
11802300.0
12017100.0
12246400.0
12511700.0
12681600.0
12874200.0
13058400.0
13271200.0
13368000.0
13468500.0
13544800.0
13617000.0
13674400.0
13644100.0
13712000.0
13765800.0
13818500.0
13822000.0
13822500.0
13865200.0
13876500.0
13882300.0
13880000.0
13896200.0
13909300.0
13908500.0
13911500.0
13871300.0
13838500.0
13758200.0
13713100.0
13672300.0
13642700.0
13638500.0
13651900.0
13628800.0
13471500.0
13387500.0
13269600.0
13164800.0
13048700.0
12914800.0
12765400.0
12624300.0
12460500.0
12341300.0
12348700.0
12351000.0
12394200.0
12450200.0
12492500.0
12557100.0
12633400.0
12682500.0
12677900.0
12674400.0
12631000.0
12615100.0
12579200.0
12538500.0
12508900.0
12478000.0
12444100.0
12418000.0
12433000.0
12440900.0
12485900.0
12480600.0
12488700.0
12479900.0
12470700.0
12482100.0
12485800.0
12516400.0
12565800.0
12640700.0
12714800.0
12785100.0
12854100.0
12917700.0
12983200.0
13045700.0
13123400.0
13201600.0
13350500.0
13489100.0
13634100.0
13795100.0
13941500.0
14112500.0
14335900.0
14521200.0
14700400.0
14869800.0
14988100.0
15089700.0
15171000.0
15283100.0
15410000.0
15668800.0
15877300.0
16036000.0
16245000.0
16421600.0
16564500.0
16751000.0
17006700.0
17217400.0
17401100.0
17432900.0
17520700.0
17789200.0
18030900.0
18300500.0
18659700.0
18950900.0
19186200.0
19397400.0
19713500.0
20030500.0
20125500.0
20105200.0
20082200.0
20101100.0
20169900.0
20221500.0
20300500.0
20408400.0
20369600.0
20363700.0
20538800.0
20709300.0
20761900.0
20789500.0
20653000.0
20532100.0
20480900.0
20442300.0
20479300.0
20511500.0
20702700.0
21093600.0
21607700.0
22197900.0
22790900.0
23363800.0
23982900.0
24541600.0
25098000.0
25699900.0
26348900.0
26806500.0
27316300.0
27749200.0
28350300.0
29015800.0
29567800.0
30499800.0
31603200.0
32537000.0
33408500.0
34552800.0
35997700.0
37669400.0
39052100.0
40188300.0
40968100.0
41255800.0
41640100.0
42267600.0
42553500.0
42485900.0
41969700.0
41249000.0
40635800.0
40220700.0
39663200.0
39440000.0
38851300.0
38131700.0
37641900.0
37225600.0
36702000.0
36363600.0
36157300.0
35940700.0
36129600.0
36156900.0
36398600.0
36780400.0
37156000.0
37606100.0
38348600.0
38878300.0
40033000.0
41202200.0
42416400.0
43891600.0
45184200.0
46311100.0
47600700.0
48811500.0
50115000.0
51671300.0
52549500.0
54036500.0
55606600.0
57011300.0
58102100.0
58550000.0
58929400.0
59093000.0
58997400.0
58598400.0
57993000.0
57270700.0
56445600.0
55697200.0
55165400.0
55320300.0
55292800.0
55691500.0
56293200.0
57238700.0
58493900.0
59472100.0
60532800.0
61801000.0
63017100.0
63800400.0
64779900.0
65813800.0
66545600.0
67048100.0
67398000.0
67489200.0
67301000.0
66785300.0
66404300.0
66288400.0
66253900.0
66063600.0
66063000.0
66135700.0
66430800.0
66870100.0
67672500.0
68512200.0
69253200.0
70317800.0
71627300.0
72762600.0
73334300.0
73995800.0
74522400.0
75224100.0
75823500.0
76255800.0
77110700.0
77753400.0
77843400.0
77984100.0
78489600.0
78522300.0
78061300.0
77248500.0
76194000.0
74372400.0
72388800.0
70434000.0
68452900.0
66937600.0
65623800.0
64469500.0
63705300.0
63459000.0
63544100.0
64393100.0
65302700.0
65900300.0
66782300.0
67239200.0
67618800.0
68382800.0
69151900.0
69448200.0
69517400.0
68897900.0
68205200.0
67702000.0
66714800.0
65603000.0
64152400.0
62320300.0
60207700.0
58249500.0
56186600.0
54706900.0
52658500.0
51175100.0
49999100.0
48966700.0
48217300.0
47247700.0
46478600.0
45664300.0
45129200.0
44703200.0
44817900.0
44664700.0
44253800.0
43715600.0
43237300.0
42771400.0
42352000.0
42362100.0
42269600.0
42319400.0
42089200.0
42020700.0
42377000.0
42821600.0
43173100.0
43752100.0
44162600.0
44043600.0
43944200.0
43313700.0
42949100.0
42382200.0
41741900.0
40818200.0
40051600.0
39564700.0
39300700.0
39244700.0
39127900.0
39320600.0
39486400.0
39608600.0
39693600.0
39929000.0
40147500.0
40123300.0
40035600.0
39864800.0
39760000.0
39847400.0
39822500.0
39663900.0
39428300.0
39238300.0
38976800.0
38723000.0
38581100.0
38279000.0
37846900.0
37628800.0
37502000.0
37541500.0
37693500.0
38039900.0
38620100.0
39440500.0
40309200.0
41220000.0
42545000.0
43541600.0
44376500.0
45010800.0
45496500.0
45961300.0
46375100.0
46769100.0
47229700.0
47718900.0
48148000.0
48584000.0
49215600.0
49878400.0
50896100.0
51805500.0
52555200.0
53006600.0
53177000.0
53378300.0
53595400.0
54129800.0
54626100.0
55186300.0
55434400.0
55566600.0
55813000.0
55949200.0
56423300.0
56884900.0
57110400.0
56922100.0
56689800.0
56567200.0
56520000.0
56684900.0
56757600.0
57156300.0
57500100.0
57424500.0
57255300.0
57265300.0
57245400.0
57079900.0
56872200.0
56521300.0
56395000.0
56194500.0
55838300.0
55935300.0
56237000.0
56444600.0
56321600.0
55911500.0
55789300.0
55802900.0
55364100.0
54876000.0
54428100.0
53847300.0
53018500.0
52300900.0
52273100.0
53038000.0
53475200.0
53890900.0
54675300.0
55609300.0
57029500.0
58396100.0
59960300.0
61586000.0
63013800.0
64271100.0
65364700.0
66493700.0
67470000.0
68872200.0
69652800.0
70696100.0
71755600.0
72927500.0
74139100.0
74686600.0
75206600.0
75703900.0
76175700.0
76226900.0
76075600.0
75666800.0
75324400.0
74903600.0
74253200.0
73852700.0
73656400.0
73588400.0
73598300.0
73359000.0
73441800.0
73714800.0
74056200.0
74739700.0
75484100.0
76211000.0
76862600.0
77264100.0
77590800.0
78141100.0
78489200.0
78421400.0
78161300.0
77082100.0
76177700.0
75578600.0
74991600.0
74234000.0
73627500.0
72864500.0
72421400.0
71886600.0
71497000.0
71666200.0
71708900.0
71412200.0
71201100.0
71196100.0
70821200.0
69873800.0
68744400.0
68152100.0
67468600.0
66460000.0
65178500.0
64076600.0
63125700.0
62276700.0
61334000.0
61106400.0
61038500.0
60757600.0
60245800.0
59864300.0
59754700.0
59587500.0
59447100.0
59217500.0
59503900.0
59704800.0
59702700.0
59867700.0
60209900.0
60197100.0
60073100.0
59992000.0
59668100.0
59484300.0
59088400.0
58558600.0
58043200.0
57281900.0
56455000.0
55772500.0
55277800.0
54725600.0
54171800.0
53611000.0
53192800.0
52717200.0
52337900.0
52188200.0
52080800.0
52079500.0
51983200.0
51848700.0
51688900.0
50989800.0
49992400.0
49229200.0
48479300.0
47734500.0
47028000.0
46465300.0
46006200.0
45687500.0
45443500.0
45638500.0
46077000.0
46203400.0
46313800.0
46886200.0
47455000.0
48047300.0
48739600.0
49390100.0
50035300.0
50621000.0
51033200.0
51641200.0
52212700.0
52308000.0
52612400.0
52769000.0
52355500.0
51891900.0
51429400.0
50830200.0
50187000.0
49674700.0
49074000.0
48608100.0
48008000.0
47459100.0
47157300.0
47489000.0
47964500.0
48587300.0
49226500.0
49424100.0
49730300.0
49812100.0
49770500.0
49810900.0
50332100.0
49990600.0
49443100.0
48957200.0
48524000.0
48596100.0
48599600.0
48864000.0
49129400.0
49385100.0
49352600.0
49507100.0
49688400.0
50008800.0
50471600.0
50851100.0
51366200.0
51717500.0
52305500.0
52919900.0
53493900.0
54109700.0
54632100.0
55098600.0
55489800.0
55857100.0
56183500.0
56408800.0
56121100.0
55811100.0
55406000.0
55069800.0
54816500.0
54184600.0
53637300.0
53143400.0
52462400.0
51931900.0
51681400.0
51296200.0
51086700.0
50906700.0
50763600.0
50839100.0
50775100.0
50579300.0
50516800.0
50493200.0
50314200.0
50313400.0
50287500.0
50114800.0
49904300.0
49762100.0
49720400.0
49623900.0
49723500.0
49426800.0
49252200.0
48907500.0
48326500.0
47453600.0
46629900.0
45720600.0
44692900.0
43742200.0
42677300.0
42003200.0
41225700.0
40500900.0
39733800.0
39511600.0
39183200.0
38957900.0
38926900.0
38743500.0
38529500.0
38232400.0
38073000.0
37830800.0
37824300.0
37684300.0
37863100.0
38051700.0
37946400.0
38042000.0
38044400.0
38042500.0
38073500.0
38343000.0
38579400.0
38699500.0
38570100.0
38338900.0
38256700.0
37889300.0
37041400.0
36132700.0
35260800.0
33997400.0
32758600.0
31409800.0
30248400.0
29151600.0
28142500.0
27290000.0
27094700.0
26971500.0
26829400.0
26885600.0
26888500.0
27033900.0
27024500.0
26960500.0
26819400.0
26746400.0
26546700.0
26426900.0
26298500.0
26247900.0
26355500.0
26524900.0
26690100.0
26821500.0
26911900.0
26937900.0
27056800.0
27130400.0
27227400.0
27317700.0
27256700.0
27364800.0
27610800.0
27929600.0
28325100.0
28760800.0
29071900.0
29340200.0
29443900.0
29498300.0
29768000.0
29957500.0
30031900.0
30109500.0
30143100.0
30220200.0
30323400.0
30412400.0
30588400.0
30825000.0
30858200.0
30805000.0
30810500.0
30782100.0
30865300.0
30957200.0
31118600.0
31304000.0
31526900.0
31694700.0
31849500.0
31935700.0
31961800.0
31729900.0
31505600.0
31274500.0
30963700.0
30638200.0
30294200.0
29979700.0
29568400.0
29187600.0
28725500.0
28636900.0
28434300.0
28241400.0
28079000.0
27905400.0
27739700.0
27562500.0
27496500.0
27358700.0
27329800.0
27239300.0
27442900.0
27662600.0
27901800.0
28210300.0
28302700.0
28384300.0
28455800.0
28611200.0
28747600.0
28807900.0
28629500.0
28332500.0
27983500.0
27675100.0
27597400.0
27490000.0
27392700.0
27360900.0
27293600.0
27339800.0
27386500.0
27503200.0
27636200.0
27648100.0
27718600.0
27889600.0
28056600.0
28138700.0
28169100.0
28148200.0
28112800.0
28060500.0
28007600.0
27984500.0
27935600.0
27803600.0
27683900.0
27607600.0
27626400.0
27633300.0
27631100.0
27641500.0
27665600.0
27681600.0
27698700.0
27713000.0
27810000.0
27952400.0
28012100.0
28126700.0
28270100.0
28415300.0
28535100.0
28648000.0
28713100.0
28802100.0
28891500.0
28959200.0
29047500.0
29046200.0
28802100.0
28198300.0
27798400.0
27289100.0
26763900.0
26145600.0
25476900.0
24801600.0
24149700.0
23553400.0
23194500.0
23210700.0
23011600.0
22868000.0
22788400.0
22835900.0
22839600.0
22806900.0
22777500.0
22743900.0
22671700.0
22605300.0
22645700.0
22723900.0
22753200.0
22737700.0
22754500.0
22759400.0
22775500.0
22765300.0
22823200.0
22866400.0
22830300.0
22807600.0
22802300.0
22835400.0
22868300.0
22890000.0
22832800.0
22801400.0
22730600.0
22611100.0
22529100.0
22445900.0
22352600.0
22223700.0
22095300.0
21985900.0
21931200.0
21840300.0
21725400.0
21680100.0
21586000.0
21499600.0
21422800.0
21357100.0
21297100.0
21271100.0
21258400.0
21278000.0
21325800.0
21376100.0
21434600.0
21518300.0
21654500.0
21888200.0
22233300.0
22662600.0
23088700.0
23573800.0
24045400.0
24446800.0
24901800.0
25512800.0
26097600.0
26581400.0
26962100.0
27209100.0
27499100.0
27755300.0
28024800.0
28359300.0
28705800.0
28773800.0
28846900.0
28969900.0
29069000.0
29177100.0
29245500.0
29251500.0
29278700.0
29317600.0
29280900.0
29229600.0
29135200.0
29010900.0
28877200.0
28764900.0
28702700.0
28922300.0
29045200.0
29264100.0
29512700.0
29836900.0
30213200.0
30549100.0
30884700.0
31193600.0
31401500.0
31378800.0
31461600.0
31423000.0
31346500.0
31313600.0
31236200.0
31033500.0
30855400.0
30713800.0
30603000.0
30465000.0
30239400.0
29874300.0
29506200.0
29169300.0
28978300.0
29175000.0
29440200.0
29693100.0
30049700.0
30712500.0
31386900.0
32349800.0
33345000.0
34293400.0
35010700.0
35570500.0
35996400.0
36420300.0
36802800.0
36793100.0
36819000.0
36835800.0
36822000.0
36853900.0
36975200.0
36977900.0
36984400.0
37029900.0
37027800.0
37122600.0
37219300.0
37187200.0
37202800.0
37347300.0
37589200.0
37829000.0
38138700.0
38398600.0
38664700.0
38919600.0
39090300.0
39345300.0
39444000.0
39312700.0
38946000.0
38694300.0
38383400.0
38078000.0
37885700.0
37726700.0
37782500.0
37727800.0
37794300.0
37942000.0
38085200.0
38207500.0
38397600.0
38580600.0
38698200.0
38764200.0
38652700.0
38469900.0
38288400.0
38080600.0
37944800.0
37738400.0
37505500.0
37289000.0
37046900.0
36821300.0
36677000.0
36575500.0
36476100.0
36407500.0
36371500.0
36332100.0
36332800.0
36236500.0
36128000.0
36063000.0
35975400.0
36086400.0
36170000.0
36222900.0
36256900.0
36244500.0
36215300.0
36258900.0
36290700.0
36143400.0
36146200.0
35906400.0
35706800.0
35501900.0
35300000.0
35152200.0
34949200.0
34751700.0
34465900.0
34381000.0
34245900.0
34228700.0
34175700.0
34198400.0
34455800.0
34934800.0
35441400.0
36115200.0
36880400.0
37570700.0
38128300.0
38708800.0
39264200.0
39813300.0
40173400.0
40329000.0
40481700.0
40536600.0
40531700.0
40535000.0
40513300.0
40478800.0
40492100.0
40417000.0
40367300.0
40309900.0
40225100.0
40116300.0
39964500.0
39814900.0
39722200.0
39572400.0
39397200.0
39246300.0
39098000.0
38969200.0
38866400.0
38749700.0
38629700.0
38531800.0
38430300.0
38343500.0
38296600.0
38254400.0
38182700.0
38092700.0
38079300.0
38020600.0
38075000.0
38133200.0
38188800.0
38261900.0
38330900.0
38484500.0
38620400.0
38739400.0
38798500.0
38891000.0
38959200.0
39038800.0
39131800.0
39171400.0
38968000.0
38613300.0
38298000.0
37981000.0
37634600.0
37274700.0
36957000.0
36591700.0
36199200.0
35838900.0
35720300.0
35664800.0
35803700.0
35919700.0
35893000.0
35859600.0
35785900.0
35753200.0
35706400.0
35672200.0
35634900.0
35662900.0
35447900.0
35265000.0
35234400.0
35132100.0
35119400.0
35104300.0
