moving_average_20
nan
nan
nan
nan
nan
nan
nan
nan
nan
nan
nan
nan
nan
nan
nan
nan
nan
nan
nan
5172750.0
5275700.0
5384200.0
5474200.0
5564450.0
5657150.0
5758800.0
5854400.0
5955100.0
6055450.0
6134650.0
6220500.0
6309700.0
6392850.0
6467750.0
6541950.0
6615850.0
6709100.0
6782400.0
6871350.0
6945300.0
7043550.0
7141650.0
7221800.0
7314400.0
7405800.0
7466800.0
7500150.0
7509750.0
7517800.0
7568200.0
7615600.0
7692550.0
7792550.0
7883850.0
7966700.0
8057000.0
8137150.0
8194450.0
8237800.0
8277800.0
8320250.0
8391550.0
8505750.0
8659300.0
8844750.0
8992550.0
9212250.0
9477300.0
9769250.0
10051300.0
10355950.0
10670700.0
11154700.0
11917200.0
12499300.0
12949250.0
13381050.0
13899200.0
14392000.0
14862750.0
15336000.0
15845800.0
16438850.0
16967200.0
17469150.0
18032300.0
18567450.0
19050850.0
19356750.0
19726600.0
20022000.0
20280850.0
20458000.0
20366950.0
20332200.0
20408250.0
20445950.0
20444600.0
20440600.0
20535850.0
20647850.0
20814200.0
21076150.0
21328300.0
21516900.0
21660050.0
21728950.0
21684800.0
21699800.0
21710800.0
21787950.0
21757150.0
21615800.0
21231250.0
21000550.0
20780050.0
20627900.0
20506800.0
20295800.0
19979850.0
19591900.0
19094300.0
18370750.0
17668350.0
17020400.0
16426500.0
15871150.0
15386650.0
14988650.0
14454900.0
13868650.0
13384350.0
12874050.0
12551700.0
12236250.0
11911600.0
11617000.0
11270550.0
11036500.0
10805300.0
10655250.0
10478050.0
10353050.0
10277100.0
10205200.0
10152600.0
10105450.0
10156550.0
10262500.0
10399750.0
10517400.0
10644650.0
10777300.0
10947200.0
11103750.0
11281950.0
11400950.0
11515200.0
11640500.0
11816050.0
11938650.0
12080650.0
12158150.0
12150300.0
12103050.0
12008950.0
11903800.0
11797350.0
11630600.0
11498250.0
11367750.0
11220250.0
11097350.0
10969200.0
10831450.0
10719800.0
10618250.0
10503500.0
10369400.0
10220200.0
10069600.0
9906150.0
9757600.0
9630150.0
9540800.0
9415650.0
9302600.0
9161450.0
9024900.0
8902000.0
8848950.0
8767800.0
8683450.0
8614100.0
8539850.0
8435050.0
8316100.0
8191550.0
8073850.0
7987550.0
7927300.0
7870950.0
7851500.0
7852100.0
7838100.0
7874950.0
7944550.0
8037300.0
8149950.0
8244550.0
8327950.0
8478600.0
8599650.0
8742150.0
8856450.0
8977500.0
9114350.0
9249850.0
9373200.0
9468750.0
9584150.0
9698900.0
9806750.0
9907800.0
10006400.0
10085450.0
10156000.0
10177200.0
10153250.0
10147200.0
10149350.0
10113950.0
10097500.0
10055850.0
10019400.0
9975500.0
9921750.0
9883350.0
9855800.0
9801200.0
9691200.0
9579700.0
9454550.0
9328450.0
9216450.0
9099950.0
8994650.0
8906200.0
8857500.0
8797550.0
8724350.0
8655450.0
8592850.0
8546000.0
8509450.0
8469950.0
8431400.0
8374550.0
8286100.0
8220850.0
8164200.0
8095450.0
8047350.0
7998250.0
7953000.0
7918750.0
7876850.0
7844150.0
7806950.0
7768400.0
7699550.0
7630100.0
7567300.0
7501100.0
7428150.0
7355650.0
7272700.0
7208950.0
7188350.0
7162050.0
7159400.0
7172300.0
7171000.0
7180850.0
7191000.0
7207600.0
7210350.0
7206400.0
7186500.0
7172250.0
7178650.0
7179850.0
7185700.0
7192800.0
7220500.0
7278250.0
7359250.0
7433500.0
7492850.0
7555750.0
7608350.0
7681050.0
7787200.0
7876250.0
7949750.0
8028350.0
8113800.0
8202000.0
8308500.0
8387200.0
8469000.0
8552850.0
8622800.0
8667600.0
8698750.0
8693850.0
8666750.0
8610000.0
8569600.0
8512750.0
8461550.0
8393700.0
8290450.0
8194200.0
8113300.0
8024050.0
7937600.0
7845250.0
7753300.0
7676050.0
7608500.0
7536400.0
7482950.0
7457300.0
7433650.0
7411900.0
7408300.0
7434850.0
7448950.0
7480250.0
7507250.0
7537550.0
7573850.0
7618450.0
7665400.0
7683500.0
7684850.0
7684400.0
7673150.0
7672000.0
7666950.0
7664450.0
7654200.0
7643900.0
7631650.0
7622450.0
7605850.0
7573450.0
7543900.0
7513350.0
7485650.0
7462450.0
7433800.0
7402550.0
7360500.0
7340500.0
7329350.0
7332600.0
7342700.0
7349100.0
7355050.0
7361850.0
7368600.0
7370150.0
7376250.0
7383250.0
7389700.0
7404250.0
7419650.0
7433750.0
7441800.0
7424300.0
7406450.0
7390900.0
7379300.0
7385000.0
7387600.0
7381600.0
7378350.0
7374900.0
7370350.0
7367150.0
7363550.0
7357750.0
7348500.0
7336950.0
7326500.0
7316600.0
7302400.0
7280900.0
7264300.0
7263050.0
7263200.0
7262700.0
7260300.0
7250300.0
7242600.0
7237800.0
7236150.0
7235700.0
7232750.0
7229050.0
7226850.0
7225800.0
7223400.0
7198900.0
7161550.0
7118600.0
7074950.0
7041650.0
6965550.0
6866300.0
6770700.0
6660000.0
6553150.0
6417100.0
6288000.0
6145000.0
5998500.0
5874400.0
5754250.0
5620650.0
5494050.0
5365850.0
5222800.0
5106550.0
4993200.0
4870200.0
4744350.0
4616550.0
4536300.0
4472200.0
4399600.0
4345750.0
4281150.0
4238650.0
4188800.0
4152100.0
4129250.0
4093650.0
4057850.0
4057200.0
4037800.0
4026750.0
4029350.0
4033450.0
4032500.0
4048900.0
4061700.0
4084850.0
4094200.0
4114000.0
4132900.0
4152900.0
4184200.0
4216300.0
4250500.0
4283350.0
4313200.0
4333750.0
4351550.0
4346850.0
4334550.0
4316400.0
4299350.0
4270550.0
4263300.0
4250350.0
4246750.0
4233600.0
4225900.0
4217100.0
4206300.0
4190550.0
4173850.0
4159450.0
4143450.0
4126600.0
4098750.0
4071350.0
4038750.0
4005600.0
3991750.0
3975450.0
3961350.0
3955950.0
3942100.0
3931500.0
3920650.0
3906450.0
3893300.0
3888000.0
3888700.0
3891200.0
3889850.0
3889100.0
3889100.0
3890450.0
3891600.0
3894150.0
3904750.0
3926800.0
3949250.0
3976250.0
4001850.0
4026400.0
4059300.0
4077100.0
4098100.0
4119950.0
4143750.0
4155300.0
4167800.0
4179300.0
4191950.0
4200650.0
4213950.0
4227750.0
4242900.0
4258300.0
4273900.0
4278900.0
4282800.0
4283350.0
4283200.0
4282750.0
4276750.0
4290100.0
4298600.0
4310100.0
4321450.0
4336100.0
4348250.0
4360100.0
4373500.0
4392000.0
4403900.0
4415550.0
4428500.0
4440500.0
4454950.0
4469950.0
4486150.0
4505400.0
4559700.0
4622550.0
4683150.0
4745150.0
4813550.0
4886150.0
4966400.0
5039750.0
5123500.0
5192000.0
5261500.0
5329700.0
5403250.0
5471600.0
5545400.0
5618100.0
5689550.0
5762100.0
5836100.0
5907800.0
5949100.0
5991900.0
6034100.0
6055850.0
6073050.0
6083250.0
6085600.0
6087050.0
6084600.0
6101200.0
6122700.0
6158050.0
6196100.0
6238300.0
6268100.0
6305550.0
6350000.0
6409300.0
6477000.0
6588150.0
6684800.0
6823800.0
6978000.0
7152300.0
7318700.0
7457550.0
7591800.0
7775950.0
7949150.0
8115000.0
8264100.0
8408850.0
8551900.0
8696400.0
8880350.0
9061500.0
9230200.0
9382800.0
9514050.0
9614800.0
9723800.0
9787550.0
9812550.0
9806550.0
9812450.0
9842650.0
9888950.0
9890000.0
9884650.0
9895750.0
9909650.0
9925250.0
9943000.0
9986400.0
9997850.0
10014550.0
10050650.0
10079500.0
10126650.0
10174950.0
10257150.0
10351800.0
10485900.0
10656150.0
10874050.0
11192000.0
11405950.0
11684650.0
11939750.0
12133100.0
12305050.0
12475150.0
12699350.0
12853000.0
12994950.0
13139800.0
13269650.0
13453050.0
13646900.0
13809200.0
13898000.0
13988050.0
14044500.0
14021200.0
13982450.0
13762150.0
13643150.0
13510750.0
13409400.0
13368500.0
13345450.0
13300700.0
13169600.0
13073400.0
12992200.0
12895850.0
12778750.0
12615750.0
12432750.0
12269150.0
12178500.0
12084400.0
12022050.0
12039450.0
12029050.0
12165700.0
12272400.0
12350400.0
12435000.0
12508400.0
12565100.0
12643400.0
12738350.0
12815150.0
12838100.0
12885050.0
12948300.0
13004000.0
13065450.0
13157550.0
13207300.0
13206100.0
13188450.0
13171950.0
13134100.0
13035950.0
12967900.0
12867350.0
12744650.0
12608500.0
12505150.0
12391950.0
12295550.0
12259950.0
12285000.0
12286100.0
12289550.0
12285400.0
12283600.0
12243850.0
12210150.0
12199400.0
12197000.0
12196200.0
12201450.0
12203200.0
12190600.0
12186850.0
12200550.0
12226800.0
12254200.0
12277300.0
12283450.0
12258500.0
12200600.0
12078250.0
11953200.0
11821150.0
11689150.0
11564350.0
11433950.0
11327300.0
11218550.0
11101050.0
10982600.0
10857700.0
10735250.0
10600750.0
10485150.0
10369050.0
10269150.0
10173800.0
10069950.0
9966500.0
9879600.0
9863450.0
9842250.0
9833500.0
9820000.0
9798000.0
9786350.0
9774600.0
9758400.0
9728050.0
9672500.0
9621900.0
9639050.0
9703400.0
9764700.0
9815100.0
9850700.0
9876450.0
9920350.0
9967250.0
10019450.0
10064150.0
10120500.0
10181850.0
10241250.0
10302950.0
10341700.0
10368600.0
10410250.0
10445150.0
10516700.0
10590100.0
10590700.0
10549900.0
10497450.0
10456850.0
10391150.0
10332200.0
10271900.0
10182850.0
10072850.0
9968100.0
9836700.0
9716000.0
9598950.0
9500650.0
9423750.0
9363200.0
9280300.0
9203400.0
9119800.0
9039600.0
8961600.0
8900150.0
8844500.0
8787500.0
8748850.0
8707650.0
8660200.0
8633500.0
8622800.0
8613800.0
8616750.0
8615800.0
8597800.0
8549800.0
8539400.0
8503950.0
8478950.0
8462200.0
8467400.0
8463050.0
8460800.0
8445050.0
8422950.0
8403000.0
8384250.0
8374600.0
8364800.0
8355900.0
8349050.0
8326400.0
8336250.0
8344400.0
8364600.0
8420800.0
8467400.0
8505250.0
8535400.0
8582300.0
8600850.0
8635500.0
8670600.0
8737900.0
8806100.0
8876100.0
8954100.0
9034050.0
9111350.0
9188300.0
9271200.0
9365450.0
9429250.0
9495800.0
9560350.0
9615350.0
9652050.0
9726300.0
9812750.0
9890050.0
9976100.0
10056450.0
10136100.0
10187800.0
10232800.0
10296250.0
10359850.0
10430100.0
10514150.0
10612650.0
10690750.0
10785600.0
10887750.0
10986750.0
11091750.0
11168600.0
11244950.0
11288350.0
11346750.0
11378550.0
11415500.0
11449400.0
11485950.0
11536100.0
11586000.0
11599800.0
11573650.0
11534100.0
11484450.0
11412100.0
11354800.0
11297600.0
11233050.0
11168550.0
11115850.0
11082700.0
11033650.0
10955550.0
10849950.0
10757900.0
10657400.0
10400650.0
10189200.0
9942700.0
9706500.0
9459250.0
9260900.0
9063200.0
8918400.0
8788750.0
8657050.0
8491600.0
8368850.0
8262050.0
8136050.0
8007650.0
7867750.0
7756750.0
7631350.0
7542550.0
7457000.0
7542550.0
7587900.0
7654550.0
7721550.0
7812200.0
7912800.0
8008550.0
8065650.0
8116800.0
8150500.0
8205350.0
8226500.0
8227100.0
8232450.0
8224250.0
8258350.0
8301500.0
8376200.0
8419300.0
8448700.0
8465350.0
8488450.0
8533500.0
8576050.0
8624350.0
8653850.0
8695350.0
8724800.0
8811100.0
8914250.0
9029750.0
9150350.0
9275750.0
9399350.0
9542550.0
9677900.0
9851850.0
10010300.0
10154800.0
10269000.0
10371050.0
10473100.0
10583650.0
10717450.0
10824950.0
10922400.0
11028850.0
11143600.0
11203450.0
11256200.0
11272000.0
11283750.0
11296400.0
11287100.0
11279750.0
11252750.0
11211000.0
11195900.0
11188300.0
11233800.0
11283000.0
11354750.0
11367350.0
11360950.0
11384450.0
11398050.0
11399150.0
11398250.0
11396400.0
11404200.0
11436600.0
11435250.0
11447250.0
11483450.0
11504500.0
11535350.0
11549850.0
11542750.0
11539900.0
11525150.0
11519800.0
11476100.0
11479750.0
11472800.0
11445250.0
11422750.0
11392950.0
11354250.0
11318250.0
11282450.0
11240750.0
11238800.0
11214200.0
11186650.0
11168550.0
11142800.0
11123400.0
11100950.0
11090800.0
11074550.0
11060450.0
11046400.0
11018550.0
10993100.0
10981950.0
10973350.0
10967800.0
10969000.0
10965750.0
10964300.0
10966650.0
10970250.0
10989300.0
11014000.0
11037100.0
11069400.0
11101900.0
11198300.0
11280000.0
11388150.0
11490900.0
11613850.0
11758150.0
11859650.0
11972750.0
12089950.0
12235400.0
12382750.0
12526350.0
12673550.0
12817050.0
12960400.0
13077900.0
13196800.0
13320000.0
13438450.0
13546600.0
13595250.0
13666850.0
13710650.0
13749650.0
13777200.0
13770150.0
13810650.0
13837150.0
13865000.0
13846650.0
13830500.0
13811700.0
13794800.0
13777300.0
13761350.0
13767350.0
13780600.0
13768650.0
13691500.0
13629400.0
13554050.0
13461500.0
13380900.0
13293550.0
13204050.0
13131400.0
13056200.0
12985050.0
12910100.0
12869250.0
12831900.0
12807500.0
12770600.0
12735950.0
12699400.0
12653400.0
12569200.0
12507850.0
12489850.0
12483050.0
12486700.0
12494350.0
12500700.0
12517550.0
12538750.0
12550250.0
12555450.0
12557650.0
12558450.0
12547850.0
12533950.0
12509200.0
12489800.0
12480050.0
12464950.0
12467200.0
12499400.0
12540800.0
12600350.0
12632850.0
12671400.0
12698800.0
12726950.0
12763900.0
12804600.0
12859000.0
12958150.0
13064900.0
13174450.0
13290100.0
13397800.0
13515100.0
13659550.0
13783450.0
13911900.0
14035700.0
14169300.0
14289400.0
14402550.0
14539100.0
14675750.0
14890650.0
15106600.0
15278600.0
15472700.0
15645700.0
15776300.0
15920350.0
16088850.0
16250250.0
16405550.0
16550850.0
16699000.0
16912600.0
17137950.0
17361050.0
17612100.0
17850950.0
18096450.0
18307400.0
18557300.0
18731700.0
18823100.0
18947200.0
19056550.0
19200800.0
19414800.0
19586200.0
19743350.0
19902900.0
20041550.0
20197100.0
20332150.0
20407250.0
20422050.0
20445300.0
20411450.0
20376800.0
20390700.0
20425350.0
20424450.0
20437600.0
20620750.0
20901450.0
21184800.0
21493700.0
21721950.0
21947950.0
22231900.0
22491950.0
22788650.0
23105700.0
23525800.0
23950050.0
24462000.0
24973550.0
25570600.0
26189800.0
26775350.0
27520700.0
28350600.0
29118450.0
29878700.0
30679650.0
31657000.0
32709300.0
33701200.0
34602050.0
35267950.0
35877800.0
36621650.0
37402300.0
37981000.0
38519350.0
38983700.0
39459200.0
39843950.0
40204500.0
40315650.0
40347900.0
40245700.0
40199650.0
40097700.0
39855750.0
39335850.0
38806300.0
38396550.0
38080700.0
37896400.0
37798450.0
37624950.0
37456050.0
37398950.0
37415850.0
37525300.0
37620950.0
38095150.0
38571450.0
39273000.0
40024250.0
40791400.0
41545750.0
42378350.0
43208800.0
44231800.0
45274800.0
46291250.0
47619350.0
49011500.0
50451450.0
51643150.0
52430550.0
53265050.0
53952250.0
54556200.0
55134850.0
55271250.0
55653600.0
56026100.0
56354250.0
56633750.0
56935150.0
57111100.0
57392250.0
57645300.0
57918550.0
58243450.0
58371400.0
58489200.0
58749100.0
59091250.0
59560350.0
60036350.0
60752650.0
61419400.0
62143400.0
62945950.0
63480650.0
63916900.0
64293150.0
64710700.0
65044400.0
65516900.0
65938700.0
66304300.0
66591900.0
66914400.0
67179650.0
67486750.0
67648750.0
67828750.0
68303100.0
68940600.0
69413100.0
69698650.0
70065750.0
70476600.0
71047100.0
71748000.0
72384000.0
73181950.0
74035600.0
74735350.0
75373350.0
75911950.0
76259050.0
76291850.0
76236300.0
76008750.0
75314100.0
74749750.0
74093700.0
73148150.0
72460850.0
72056700.0
71495900.0
70883300.0
70353750.0
69869050.0
69382750.0
68845750.0
68167150.0
67617600.0
67088400.0
66621300.0
66426150.0
66428600.0
66453600.0
66530750.0
66645500.0
66753950.0
66801150.0
66748550.0
66421100.0
65885600.0
65351550.0
64679800.0
63848850.0
62852000.0
61802400.0
60431850.0
59438550.0
58356950.0
57284850.0
56184850.0
54784000.0
53343150.0
51956900.0
50657900.0
49705050.0
48738200.0
47919900.0
47126450.0
46341150.0
45727300.0
45009550.0
44415300.0
44013200.0
43699400.0
43511300.0
43453550.0
43342700.0
43315400.0
43268600.0
43205200.0
43261750.0
43257300.0
43202850.0
43106900.0
42816550.0
42519150.0
42201450.0
42059450.0
41819900.0
41612350.0
41658400.0
41731650.0
41644150.0
41536050.0
41317150.0
41217750.0
40995400.0
40717750.0
40373600.0
40099550.0
39844000.0
39668150.0
39554750.0
39443950.0
39584000.0
39654450.0
39636250.0
39560950.0
39583650.0
39562150.0
39423150.0
39308350.0
39071900.0
38803450.0
38738100.0
38662250.0
38602700.0
38560900.0
38639100.0
38798450.0
39081750.0
39445150.0
39749500.0
40195950.0
40585200.0
40939250.0
41276150.0
41595000.0
42000600.0
42497600.0
43104800.0
43769450.0
44469450.0
45346500.0
46062800.0
46796050.0
47444600.0
48196300.0
48883400.0
49465150.0
49887850.0
50203350.0
50548600.0
50871700.0
51356900.0
51920850.0
52532350.0
53165250.0
53686050.0
54184100.0
54477900.0
54800150.0
55131600.0
55352900.0
55525950.0
55657950.0
55876750.0
55977200.0
56125750.0
56285300.0
56552750.0
56961700.0
57154700.0
57182850.0
57093700.0
56967600.0
56823550.0
56696100.0
56603100.0
56576300.0
56675400.0
56669200.0
56679900.0
56746150.0
56854950.0
56783500.0
56495700.0
56330750.0
56162100.0
55879550.0
55535250.0
55133200.0
54891300.0
54627750.0
54372750.0
54297350.0
54474750.0
54632250.0
54846900.0
55019700.0
55242650.0
55728800.0
56121700.0
56489400.0
56943450.0
57643450.0
58654550.0
59419950.0
60192300.0
61072650.0
62240750.0
63341150.0
64546100.0
65857950.0
67256750.0
68576450.0
69478850.0
70285650.0
71098800.0
71822850.0
72549550.0
72864200.0
73181450.0
73540000.0
73915550.0
74196150.0
74269650.0
74431500.0
74646150.0
74887000.0
74792950.0
74758700.0
74690800.0
74690300.0
74821650.0
74868650.0
75031850.0
75259500.0
75426250.0
75594550.0
75750050.0
75965500.0
76068100.0
76108750.0
75910900.0
75830900.0
75894800.0
75927100.0
75749050.0
75609150.0
75502800.0
75455300.0
75154000.0
74829150.0
74374150.0
73943300.0
73495400.0
73096350.0
72715050.0
72224350.0
71369150.0
70582900.0
70019350.0
69482800.0
69063100.0
68443700.0
67744400.0
67163400.0
66736400.0
66077600.0
65490100.0
64891450.0
64454850.0
63857200.0
63162150.0
62466600.0
61832050.0
61286400.0
60747100.0
60418950.0
60405600.0
60370600.0
60312650.0
60227850.0
60030700.0
59913900.0
59789750.0
59557600.0
59350900.0
59296150.0
59131700.0
58872950.0
58574800.0
58332450.0
57984800.0
57675450.0
57358800.0
56919950.0
56547650.0
56140600.0
55637900.0
55190550.0
54735050.0
54267900.0
53926000.0
53630500.0
53287150.0
52930350.0
52300400.0
51592600.0
50973200.0
50408600.0
49961350.0
49554400.0
49272400.0
48994700.0
48768100.0
48566200.0
48314150.0
48034700.0
47716300.0
47396550.0
47310350.0
47241500.0
47256300.0
47372900.0
47538800.0
47739400.0
48129750.0
48555100.0
48922300.0
49263250.0
49597100.0
50033700.0
50408150.0
50547550.0
50641000.0
50732350.0
50725600.0
50610100.0
50657950.0
50643350.0
50458050.0
50310200.0
50114050.0
49756400.0
49690450.0
49696950.0
49708750.0
49706750.0
49549400.0
49402150.0
49210100.0
48889250.0
48635000.0
48744700.0
48739800.0
48703800.0
48772250.0
48875250.0
49010100.0
49164950.0
49338050.0
49449950.0
49598000.0
49842350.0
49748850.0
49565750.0
49483000.0
49497800.0
49723600.0
49982900.0
50290750.0
50717450.0
51152500.0
51423250.0
51808400.0
52160250.0
52553700.0
52980700.0
53354100.0
53774850.0
54063150.0
54213300.0
54365500.0
54449950.0
54589750.0
54724300.0
54641600.0
54563550.0
54500250.0
54322950.0
54170350.0
53901250.0
53553650.0
53246350.0
52988250.0
52790050.0
52511850.0
52206200.0
51861350.0
51489600.0
51212550.0
50997800.0
50804800.0
50687100.0
50510750.0
50333950.0
50300600.0
50247750.0
50101600.0
50120150.0
49960000.0
49783200.0
49610450.0
49307000.0
48784200.0
48267100.0
47741350.0
47206650.0
46683050.0
46200400.0
45715000.0
45238950.0
44704200.0
44030150.0
43482600.0
42906550.0
42339250.0
41809900.0
41242850.0
40603400.0
40117800.0
39649350.0
39165850.0
38779050.0
38597950.0
38523150.0
38504800.0
38436650.0
38392750.0
38286950.0
38137450.0
38073250.0
38086900.0
38201850.0
38191900.0
38216600.0
38195300.0
38101550.0
37965650.0
37542900.0
37087600.0
36667150.0
36170200.0
35669000.0
35054650.0
34409250.0
33745250.0
33199600.0
32589650.0
32068050.0
31552100.0
31045100.0
30441500.0
29823550.0
29221850.0
28636450.0
28056050.0
27480950.0
27018200.0
26820700.0
26699200.0
26563950.0
26566750.0
26622000.0
26779400.0
26857300.0
26891000.0
26865650.0
26842150.0
26801750.0
26778650.0
26762950.0
26782800.0
26806100.0
26944850.0
27150450.0
27375550.0
27618500.0
27849350.0
28064350.0
28235300.0
28335650.0
28408000.0
28512350.0
28661150.0
28821350.0
29019550.0
29234100.0
29490500.0
29697650.0
29876300.0
30016150.0
30161650.0
30313100.0
30381250.0
30421200.0
30445800.0
30504200.0
30588700.0
30721000.0
30858200.0
31057650.0
31259850.0
31353850.0
31370350.0
31386150.0
31256000.0
31185450.0
31115850.0
31041150.0
30971100.0
30910550.0
30837200.0
30708950.0
30561650.0
30343650.0
30183400.0
29969950.0
29757950.0
29521350.0
29271800.0
29016950.0
28771100.0
28532450.0
28273150.0
28027650.0
27938100.0
27938600.0
27952000.0
27990400.0
28057850.0
28021200.0
27973400.0
27976150.0
27984950.0
28038700.0
28023600.0
28036200.0
27997550.0
27942650.0
27942700.0
27950050.0
27937150.0
27924250.0
27986050.0
28020600.0
28073850.0
28008000.0
27917850.0
27809850.0
27661600.0
27658000.0
27689800.0
27724650.0
27749800.0
27731350.0
27744000.0
27749650.0
27781850.0
27821900.0
27816300.0
27827100.0
27846600.0
27870250.0
27873150.0
27897750.0
27890750.0
27871950.0
27851000.0
27836600.0
27833050.0
27817150.0
27758300.0
27746950.0
27780000.0
27819250.0
27880000.0
27950600.0
28028400.0
28100350.0
28164800.0
28205900.0
28257550.0
28350750.0
28455800.0
28529800.0
28586450.0
28536100.0
28306800.0
28166750.0
27968550.0
27738500.0
27473850.0
27184200.0
26880400.0
26598600.0
26299800.0
25998300.0
25704500.0
25405000.0
25078550.0
24776150.0
24490750.0
24158250.0
23804250.0
23463600.0
23148650.0
22933100.0
22908000.0
22828650.0
22795950.0
22770800.0
22786800.0
22797050.0
22783150.0
22776500.0
22754600.0
22747450.0
22735850.0
22738000.0
22765750.0
22777750.0
22786550.0
22811400.0
22824700.0
22804150.0
22783350.0
22776900.0
22738750.0
22679700.0
22626750.0
22577450.0
22529550.0
22481800.0
22437950.0
22382000.0
22320850.0
22228000.0
22145600.0
22057550.0
21972750.0
21887700.0
21790400.0
21696200.0
21628500.0
21594800.0
21559150.0
21525600.0
21528100.0
21510300.0
21508950.0
21538650.0
21622650.0
21765200.0
21966850.0
22173550.0
22425900.0
22685600.0
22911450.0
23168200.0
23515550.0
23876050.0
24234800.0
24597700.0
24935850.0
25293900.0
25664550.0
26035100.0
26403050.0
26803800.0
27143300.0
27472250.0
27775650.0
28015550.0
28193100.0
28372300.0
28503400.0
28651750.0
28838450.0
28993350.0
29001700.0
28991050.0
28990400.0
28973100.0
28971000.0
28974100.0
29086900.0
29161950.0
29290850.0
29396800.0
29533250.0
29674200.0
29780000.0
29880950.0
29979250.0
30052100.0
30150550.0
30253400.0
30343550.0
30429600.0
30575250.0
30724700.0
30791300.0
30870050.0
30953700.0
31002250.0
30921900.0
30850500.0
30648650.0
30426350.0
30241450.0
30107250.0
30104250.0
30147800.0
30203450.0
30326350.0
30588750.0
30813150.0
31112050.0
31425600.0
31731350.0
31994500.0
32372750.0
32718300.0
33056700.0
33426250.0
33752800.0
34102950.0
34592800.0
35083500.0
35573650.0
35992950.0
36274200.0
36490400.0
36725100.0
36915300.0
36957850.0
37019150.0
37011500.0
37012400.0
37100600.0
37282200.0
37403450.0
37561550.0
37714250.0
37846250.0
38021100.0
38154800.0
38266250.0
38323400.0
38330000.0
38267600.0
38261650.0
38261050.0
38238300.0
38275200.0
38323150.0
38436400.0
38536550.0
38619150.0
38627350.0
38515600.0
38450900.0
38390500.0
38329300.0
38291950.0
38245450.0
38217600.0
38098850.0
38041350.0
38011300.0
38015000.0
37972950.0
37951550.0
37934800.0
37872550.0
37792750.0
37664850.0
37522700.0
37382250.0
37244050.0
37158150.0
37035250.0
36919150.0
36762750.0
36587450.0
36442150.0
36326200.0
36330950.0
36323050.0
36315200.0
36314200.0
36288300.0
36274050.0
36247700.0
36209350.0
36103200.0
36060800.0
35996400.0
35938400.0
35862400.0
35778450.0
35698350.0
35582250.0
35505300.0
35378300.0
35262200.0
35196050.0
35067550.0
34941250.0
34850150.0
34877900.0
35043500.0
35195300.0
35433450.0
35673150.0
35975850.0
36187100.0
36468750.0
36719950.0
37005850.0
37314600.0
37631900.0
37961550.0
38325900.0
38706050.0
39052850.0
39320800.0
39593800.0
39878150.0
40115150.0
40270350.0
40319450.0
40353400.0
40326450.0
40248100.0
40174950.0
40117750.0
40025600.0
39944650.0
39831650.0
39732650.0
39639550.0
39545750.0
39433000.0
39297100.0
39173350.0
39076250.0
38957950.0
38846900.0
38750350.0
38640350.0
38530950.0
38472850.0
38385150.0
38352350.0
38332500.0
38309550.0
38302700.0
38313750.0
38369450.0
38401550.0
38416050.0
38438900.0
38455800.0
38517100.0
38586000.0
38660300.0
38716650.0
38649450.0
38548900.0
38459200.0
38360200.0
38216550.0
38082850.0
37958100.0
37815250.0
37665500.0
37505150.0
37344150.0
37139050.0
37050850.0
36950350.0
36763800.0
36567150.0
36371450.0
36172450.0
35952800.0
35755550.0
35677600.0
35663850.0
35625800.0
35592350.0
35563700.0
35495850.0
35452650.0
35445750.0
35466250.0
35492750.0
35519550.0
35540700.0
35468450.0
35438000.0
35487950.0
35521050.0
35558450.0
35591050.0
35617200.0
35639100.0
