trade_price
4322000.0
4321000.0
4657000.0
4586000.0
4657000.0
4895000.0
4962000.0
5025000.0
4964000.0
4895000.0
4926000.0
5027000.0
5047000.0
5217000.0
5477000.0
5486000.0
5557000.0
6332000.0
6438000.0
6664000.0
6381000.0
6491000.0
6457000.0
6391000.0
6511000.0
6928000.0
6874000.0
7039000.0
6971000.0
6479000.0
6643000.0
6811000.0
6710000.0
6715000.0
6961000.0
6964000.0
7422000.0
7798000.0
8217000.0
8143000.0
8346000.0
8453000.0
8060000.0
8243000.0
8339000.0
8148000.0
7541000.0
7231000.0
7132000.0
7487000.0
7591000.0
8350000.0
8710000.0
8541000.0
8618000.0
8770000.0
9025000.0
8944000.0
9084000.0
8943000.0
9195000.0
9879000.0
10344000.0
11314000.0
12048000.0
11104000.0
11935000.0
12532000.0
12971000.0
13128000.0
13684000.0
14645000.0
18390000.0
23791000.0
20260000.0
17769000.0
17661000.0
19307000.0
18940000.0
18358000.0
18660000.0
20075000.0
22205000.0
21881000.0
22087000.0
22367000.0
22638000.0
22200000.0
19089000.0
20525000.0
19592000.0
19822000.0
21933000.0
21970000.0
19565000.0
19290000.0
18415000.0
19280000.0
18860000.0
20263000.0
20900000.0
23402000.0
27444000.0
26924000.0
25859000.0
25230000.0
24016000.0
21317000.0
19389000.0
20745000.0
21135000.0
19206000.0
19106000.0
14279000.0
14951000.0
14880000.0
15372000.0
16858000.0
14640000.0
13944000.0
13141000.0
13450000.0
12973000.0
12876000.0
12900000.0
13352000.0
12909000.0
11627000.0
11429000.0
10070000.0
9410000.0
9520000.0
8900000.0
7832000.0
8642000.0
8387000.0
9480000.0
9929000.0
9959000.0
9320000.0
10140000.0
9906000.0
10473000.0
11357000.0
11462000.0
12300000.0
11966000.0
12649000.0
13548000.0
12815000.0
11763000.0
12065000.0
11553000.0
11230000.0
11773000.0
11951000.0
11860000.0
12214000.0
12465000.0
12831000.0
12592000.0
12746000.0
12023000.0
11200000.0
10517000.0
10418000.0
9863000.0
10520000.0
10213000.0
10168000.0
9153000.0
9115000.0
9095000.0
8667000.0
9018000.0
9718000.0
9829000.0
9919000.0
9783000.0
9847000.0
9580000.0
9477000.0
9052000.0
8651000.0
8730000.0
7915000.0
7602000.0
7697000.0
7482000.0
7710000.0
8092000.0
7492000.0
7408000.0
7280000.0
7533000.0
7622000.0
7450000.0
7428000.0
7429000.0
8121000.0
8375000.0
8350000.0
8663000.0
8663000.0
8450000.0
8652000.0
8994000.0
9552000.0
9735000.0
9602000.0
9760000.0
10505000.0
9829000.0
10130000.0
9819000.0
10043000.0
10187000.0
10138000.0
9896000.0
10032000.0
10683000.0
10645000.0
10820000.0
10684000.0
10422000.0
10233000.0
10405000.0
9976000.0
9256000.0
9481000.0
9803000.0
9797000.0
9500000.0
9297000.0
9090000.0
9165000.0
9112000.0
9370000.0
9345000.0
8940000.0
8483000.0
8415000.0
8317000.0
8162000.0
8182000.0
7903000.0
8299000.0
8207000.0
8282000.0
8282000.0
8339000.0
8419000.0
8248000.0
8360000.0
8359000.0
8375000.0
8341000.0
8233000.0
7576000.0
7635000.0
7350000.0
7040000.0
7355000.0
7180000.0
7277000.0
7218000.0
7461000.0
7553000.0
7538000.0
7511000.0
6962000.0
7030000.0
6992000.0
7036000.0
6900000.0
6925000.0
6682000.0
6958000.0
7164000.0
7109000.0
7297000.0
7298000.0
7329000.0
7377000.0
7480000.0
7550000.0
7516000.0
7474000.0
7140000.0
7226000.0
7090000.0
7054000.0
7109000.0
7178000.0
7454000.0
8080000.0
8302000.0
8443000.0
8351000.0
8367000.0
8349000.0
8752000.0
9452000.0
9158000.0
8950000.0
9122000.0
9225000.0
9238000.0
9270000.0
8800000.0
8726000.0
8731000.0
8508000.0
8074000.0
8077000.0
7982000.0
7760000.0
7308000.0
7543000.0
7230000.0
7325000.0
7395000.0
7387000.0
7233000.0
7332000.0
7337000.0
7496000.0
7391000.0
7431000.0
7255000.0
7375000.0
7289000.0
7439000.0
7561000.0
7604000.0
7547000.0
7688000.0
7839000.0
7825000.0
7856000.0
7865000.0
8001000.0
8113000.0
8125000.0
8271000.0
7699000.0
7523000.0
7382000.0
7206000.0
7232000.0
7274000.0
7239000.0
7234000.0
7355000.0
7359000.0
7363000.0
7356000.0
7191000.0
7234000.0
7245000.0
7311000.0
7537000.0
7540000.0
7500000.0
7430000.0
7299000.0
7300000.0
7447000.0
7408000.0
7360000.0
7393000.0
7375000.0
7369000.0
7386000.0
7481000.0
7503000.0
7485000.0
7482000.0
7542000.0
7527000.0
7472000.0
7187000.0
7183000.0
7189000.0
7198000.0
7413000.0
7352000.0
7327000.0
7343000.0
7291000.0
7302000.0
7311000.0
7297000.0
7270000.0
7296000.0
7272000.0
7276000.0
7284000.0
7258000.0
7097000.0
7140000.0
7162000.0
7186000.0
7179000.0
7150000.0
7213000.0
7198000.0
7231000.0
7310000.0
7282000.0
7243000.0
7237000.0
7253000.0
7249000.0
7248000.0
6782000.0
6529000.0
6425000.0
6385000.0
6431000.0
5618000.0
5177000.0
5274000.0
4965000.0
5013000.0
4492000.0
4616000.0
4371000.0
4380000.0
4800000.0
4840000.0
4565000.0
4721000.0
4685000.0
4387000.0
4457000.0
4262000.0
3965000.0
3868000.0
3875000.0
4013000.0
3895000.0
3822000.0
3888000.0
3721000.0
3642000.0
3619000.0
3637000.0
3923000.0
4088000.0
4124000.0
4552000.0
4333000.0
4464000.0
4439000.0
4539000.0
4243000.0
4293000.0
4124000.0
4338000.0
4200000.0
4291000.0
4200000.0
4288000.0
4347000.0
4284000.0
4303000.0
4294000.0
4520000.0
4499000.0
4480000.0
4458000.0
4087000.0
4101000.0
4098000.0
3963000.0
4098000.0
4034000.0
4052000.0
4075000.0
4046000.0
4115000.0
3984000.0
3973000.0
4013000.0
3996000.0
3983000.0
3957000.0
3963000.0
3951000.0
3828000.0
3795000.0
3810000.0
3775000.0
3816000.0
3855000.0
3821000.0
3822000.0
3835000.0
3791000.0
3783000.0
4009000.0
3998000.0
4023000.0
3986000.0
3981000.0
3983000.0
3984000.0
3986000.0
4002000.0
4040000.0
4236000.0
4259000.0
4315000.0
4328000.0
4346000.0
4479000.0
4178000.0
4255000.0
4228000.0
4259000.0
4240000.0
4248000.0
4253000.0
4239000.0
4155000.0
4249000.0
4260000.0
4289000.0
4310000.0
4352000.0
4336000.0
4337000.0
4326000.0
4325000.0
4337000.0
4359000.0
4445000.0
4425000.0
4458000.0
4486000.0
4533000.0
4491000.0
4490000.0
4507000.0
4525000.0
4487000.0
4493000.0
4548000.0
4550000.0
4641000.0
4636000.0
4661000.0
4711000.0
5411000.0
5594000.0
5571000.0
5685000.0
5793000.0
5910000.0
6091000.0
6000000.0
6166000.0
5860000.0
5897000.0
5889000.0
5958000.0
5860000.0
6024000.0
6004000.0
6070000.0
6087000.0
6141000.0
6145000.0
6237000.0
6450000.0
6415000.0
6120000.0
6137000.0
6114000.0
6138000.0
6029000.0
6117000.0
6192000.0
6327000.0
6596000.0
6719000.0
6704000.0
6620000.0
6753000.0
6959000.0
7273000.0
7495000.0
8368000.0
8170000.0
9230000.0
9499000.0
9606000.0
9465000.0
8891000.0
8823000.0
9712000.0
9581000.0
9509000.0
9309000.0
9491000.0
9580000.0
9594000.0
10299000.0
10376000.0
10333000.0
10325000.0
10120000.0
10383000.0
10350000.0
10505000.0
9999000.0
9486000.0
9583000.0
9495000.0
9749000.0
9733000.0
9474000.0
9731000.0
9587000.0
9803000.0
9935000.0
10462000.0
10528000.0
10710000.0
11055000.0
10902000.0
11063000.0
11349000.0
11994000.0
12398000.0
12681000.0
12891000.0
13941000.0
15854000.0
14028000.0
15307000.0
14576000.0
13598000.0
13026000.0
13205000.0
14419000.0
13535000.0
13367000.0
13607000.0
13652000.0
14570000.0
14940000.0
14595000.0
13770000.0
14199000.0
13810000.0
12425000.0
13166000.0
11448000.0
11648000.0
12659000.0
12549000.0
12780000.0
12565000.0
12310000.0
11797000.0
11611000.0
11743000.0
11680000.0
11310000.0
11310000.0
11280000.0
11323000.0
11957000.0
12317000.0
12563000.0
12773000.0
12958000.0
14181000.0
13782000.0
14219000.0
14241000.0
14248000.0
13699000.0
13876000.0
13696000.0
13147000.0
12202000.0
12619000.0
12575000.0
12424000.0
12509000.0
13165000.0
12952000.0
12293000.0
12210000.0
12443000.0
12201000.0
12218000.0
12421000.0
12208000.0
11787000.0
11525000.0
11632000.0
11612000.0
11768000.0
12435000.0
12703000.0
12641000.0
12644000.0
12341000.0
12473000.0
12370000.0
12278000.0
12078000.0
12162000.0
12427000.0
12306000.0
12253000.0
12169000.0
12133000.0
12061000.0
12050000.0
12180000.0
12074000.0
11891000.0
11936000.0
11545000.0
10194000.0
10143000.0
9700000.0
9833000.0
9874000.0
9670000.0
9945000.0
9987000.0
10077000.0
9937000.0
9755000.0
9720000.0
9443000.0
9749000.0
9728000.0
10182000.0
10167000.0
9814000.0
9867000.0
9807000.0
9871000.0
9719000.0
9525000.0
9563000.0
9434000.0
9437000.0
9710000.0
9663000.0
9470000.0
8826000.0
8743000.0
10063000.0
10730000.0
10975000.0
10736000.0
10894000.0
10682000.0
10692000.0
10805000.0
10851000.0
10765000.0
10846000.0
10752000.0
10751000.0
10668000.0
10212000.0
10248000.0
10496000.0
10168000.0
10257000.0
10211000.0
10075000.0
9914000.0
9926000.0
9924000.0
9580000.0
9503000.0
9486000.0
9024000.0
8651000.0
8670000.0
8218000.0
8338000.0
8410000.0
8702000.0
8674000.0
9037000.0
8838000.0
8630000.0
8585000.0
8607000.0
8515000.0
8685000.0
8813000.0
8784000.0
8807000.0
8679000.0
8537000.0
8490000.0
8437000.0
8490000.0
8277000.0
8319000.0
8050000.0
7742000.0
8466000.0
8328000.0
8338000.0
8295000.0
8689000.0
8520000.0
8470000.0
8370000.0
8371000.0
8385000.0
8432000.0
8486000.0
8341000.0
8312000.0
8300000.0
8037000.0
8474000.0
8482000.0
8454000.0
8866000.0
9398000.0
9085000.0
8941000.0
9233000.0
9060000.0
9213000.0
9172000.0
9716000.0
9735000.0
9785000.0
9992000.0
10085000.0
9887000.0
9851000.0
9958000.0
9922000.0
9750000.0
9813000.0
9745000.0
9966000.0
10132000.0
10570000.0
10670000.0
10779000.0
10781000.0
10820000.0
10765000.0
10750000.0
10635000.0
11054000.0
11264000.0
11490000.0
11568000.0
11821000.0
11520000.0
11819000.0
11793000.0
11793000.0
11845000.0
11503000.0
11659000.0
11438000.0
11838000.0
11415000.0
11520000.0
11498000.0
11496000.0
11753000.0
11633000.0
11330000.0
10741000.0
10699000.0
10575000.0
10374000.0
10374000.0
10675000.0
10502000.0
10503000.0
10791000.0
10840000.0
10678000.0
9876000.0
9726000.0
9574000.0
9510000.0
6363000.0
7267000.0
6823000.0
6909000.0
6385000.0
6774000.0
6745000.0
7679000.0
7781000.0
7740000.0
7366000.0
8047000.0
8367000.0
8271000.0
8272000.0
7880000.0
7656000.0
7218000.0
7798000.0
7799000.0
8074000.0
8174000.0
8156000.0
8249000.0
8198000.0
8786000.0
8660000.0
8821000.0
8804000.0
8414000.0
8463000.0
8470000.0
8379000.0
8378000.0
8108000.0
8562000.0
8519000.0
8712000.0
8660000.0
8387000.0
8407000.0
8636000.0
9057000.0
9100000.0
9164000.0
9376000.0
9490000.0
9410000.0
10530000.0
10477000.0
10773000.0
10882000.0
10887000.0
10850000.0
10972000.0
11269000.0
11998000.0
11881000.0
11550000.0
10671000.0
10448000.0
10677000.0
11268000.0
11776000.0
11314000.0
11325000.0
11619000.0
11705000.0
11727000.0
11532000.0
11089000.0
11117000.0
11140000.0
10664000.0
10825000.0
10729000.0
11163000.0
11579000.0
11398000.0
11581000.0
11432000.0
12112000.0
11520000.0
11648000.0
11784000.0
11597000.0
11641000.0
11687000.0
11690000.0
11688000.0
11737000.0
11090000.0
11380000.0
11388000.0
11246000.0
11346000.0
11453000.0
11437000.0
11341000.0
11286000.0
11325000.0
11238000.0
11593000.0
11509000.0
11233000.0
11147000.0
11045000.0
10913000.0
10970000.0
10972000.0
10903000.0
11051000.0
10888000.0
10837000.0
10884000.0
10831000.0
11065000.0
10988000.0
11138000.0
10961000.0
11043000.0
10957000.0
11036000.0
11000000.0
11010000.0
10975000.0
10934000.0
10937000.0
10905000.0
10943000.0
10950000.0
11123000.0
11269000.0
11331000.0
11346000.0
11477000.0
11715000.0
12916000.0
12772000.0
13124000.0
13098000.0
13416000.0
13922000.0
13030000.0
13272000.0
13319000.0
13843000.0
13884000.0
13777000.0
13887000.0
13820000.0
13990000.0
13619000.0
13709000.0
13810000.0
13846000.0
13878000.0
13889000.0
14204000.0
14000000.0
13878000.0
13967000.0
13781000.0
13840000.0
13802000.0
13876000.0
13476000.0
13561000.0
13401000.0
13549000.0
13470000.0
13671000.0
13739000.0
13974000.0
13571000.0
12303000.0
12636000.0
12382000.0
12353000.0
12388000.0
12131000.0
12177000.0
12328000.0
12336000.0
12379000.0
12377000.0
12659000.0
12814000.0
12913000.0
12811000.0
12777000.0
12940000.0
12819000.0
12290000.0
12344000.0
11943000.0
12500000.0
12455000.0
12506000.0
12515000.0
12468000.0
12601000.0
12558000.0
12440000.0
12423000.0
12393000.0
12447000.0
12536000.0
12418000.0
12423000.0
12582000.0
12638000.0
12864000.0
12934000.0
13172000.0
13134000.0
13150000.0
13226000.0
13054000.0
13078000.0
13207000.0
13415000.0
13646000.0
14423000.0
14558000.0
14584000.0
14760000.0
14690000.0
14764000.0
15312000.0
15060000.0
15207000.0
15340000.0
15606000.0
15574000.0
15397000.0
15881000.0
15959000.0
17352000.0
17397000.0
16647000.0
17297000.0
17106000.0
17035000.0
17439000.0
17954000.0
17988000.0
17796000.0
17670000.0
18275000.0
19332000.0
19714000.0
19802000.0
20627000.0
20351000.0
20307000.0
20100000.0
20957000.0
20840000.0
19225000.0
19129000.0
19484000.0
19991000.0
21315000.0
20867000.0
21097000.0
21179000.0
20569000.0
20781000.0
20976000.0
20834000.0
20010000.0
20267000.0
19950000.0
19658000.0
20585000.0
20793000.0
20939000.0
21103000.0
22888000.0
24743000.0
25151000.0
26169000.0
25880000.0
25387000.0
26776000.0
26380000.0
26503000.0
27122000.0
29378000.0
29319000.0
30249000.0
30498000.0
31891000.0
32042000.0
32296000.0
35700000.0
37537000.0
36460000.0
38093000.0
40762000.0
44698000.0
47215000.0
45718000.0
43404000.0
40094000.0
38577000.0
41380000.0
42735000.0
40952000.0
40086000.0
39536000.0
40008000.0
39586000.0
39253000.0
34519000.0
36345000.0
35493000.0
35539000.0
36054000.0
35923000.0
34300000.0
36624000.0
37523000.0
37087000.0
36408000.0
36618000.0
37910000.0
39357000.0
39810000.0
40424000.0
41725000.0
41921000.0
49070000.0
48779000.0
48550000.0
51370000.0
50836000.0
50626000.0
52706000.0
52532000.0
54760000.0
57484000.0
57852000.0
63649000.0
64251000.0
65417000.0
61744000.0
55105000.0
56500000.0
54168000.0
53804000.0
53494000.0
51798000.0
56426000.0
56000000.0
57933000.0
56426000.0
56654000.0
56225000.0
58155000.0
59821000.0
62949000.0
64350000.0
66208000.0
66607000.0
70615000.0
68587000.0
64487000.0
66020000.0
68494000.0
67139000.0
67974000.0
67849000.0
67120000.0
64725000.0
65458000.0
64777000.0
63328000.0
65675000.0
66591000.0
67133000.0
68701000.0
70800000.0
71513000.0
72749000.0
73855000.0
72187000.0
73974000.0
78770000.0
77944000.0
72850000.0
75316000.0
76066000.0
78530000.0
78743000.0
78178000.0
80736000.0
80401000.0
79670000.0
79351000.0
77905000.0
75643000.0
71456000.0
70402000.0
68198000.0
59962000.0
60900000.0
60853000.0
59859000.0
64198000.0
64767000.0
64100000.0
63814000.0
67939000.0
69049000.0
68452000.0
69996000.0
66829000.0
68679000.0
68767000.0
68563000.0
71740000.0
71505000.0
70902000.0
69741000.0
62257000.0
63069000.0
61797000.0
58807000.0
57649000.0
54057000.0
53419000.0
50379000.0
51320000.0
49112000.0
47460000.0
42585000.0
46963000.0
47047000.0
47325000.0
46563000.0
43723000.0
42688000.0
43177000.0
43761000.0
43200000.0
43732000.0
45431000.0
42938000.0
41943000.0
41780000.0
39064000.0
38494000.0
43278000.0
42836000.0
43698000.0
41430000.0
44746000.0
46501000.0
46389000.0
45295000.0
44854000.0
42599000.0
42088000.0
41842000.0
37393000.0
37784000.0
39077000.0
40098000.0
37152000.0
37629000.0
39985000.0
39959000.0
41528000.0
40674000.0
39320000.0
39442000.0
40299000.0
40948000.0
39506000.0
39814000.0
39743000.0
39082000.0
39820000.0
39626000.0
40194000.0
39193000.0
38713000.0
38592000.0
37606000.0
37199000.0
37205000.0
37663000.0
36799000.0
35305000.0
38013000.0
37925000.0
39108000.0
40112000.0
41070000.0
43001000.0
45409000.0
46350000.0
45907000.0
48555000.0
47979000.0
46274000.0
45451000.0
44969000.0
45718000.0
47139000.0
49349000.0
50956000.0
50799000.0
52846000.0
52339000.0
52590000.0
52079000.0
55146000.0
54812000.0
54636000.0
53863000.0
52660000.0
52812000.0
55017000.0
57683000.0
57553000.0
57681000.0
57627000.0
56134000.0
57100000.0
55225000.0
57401000.0
57428000.0
57272000.0
55800000.0
55230000.0
56455000.0
57155000.0
57783000.0
57827000.0
59212000.0
60839000.0
56672000.0
55580000.0
55900000.0
55031000.0
54800000.0
55078000.0
54274000.0
56564000.0
57207000.0
57277000.0
57642000.0
58597000.0
57976000.0
53801000.0
50699000.0
53856000.0
54410000.0
52176000.0
52326000.0
52798000.0
51834000.0
50309000.0
50800000.0
53523000.0
58348000.0
58228000.0
58567000.0
60020000.0
61666000.0
67000000.0
65500000.0
65951000.0
67057000.0
67801000.0
70921000.0
69164000.0
69857000.0
69783000.0
75688000.0
74806000.0
75933000.0
76546000.0
78776000.0
79917000.0
76396000.0
74364000.0
74830000.0
74501000.0
76200000.0
73293000.0
71845000.0
73122000.0
74568000.0
73413000.0
72391000.0
72401000.0
74150000.0
74600000.0
73807000.0
74121000.0
74575000.0
76536000.0
81403000.0
80857000.0
79660000.0
78917000.0
78165000.0
77867000.0
79310000.0
77602000.0
73897000.0
73935000.0
70611000.0
71813000.0
73669000.0
73047000.0
70589000.0
71802000.0
71680000.0
73171000.0
68549000.0
70039000.0
72303000.0
72240000.0
70702000.0
70936000.0
70539000.0
68053000.0
62206000.0
61877000.0
62626000.0
63204000.0
62217000.0
59425000.0
59683000.0
61427000.0
62049000.0
58626000.0
59930000.0
61198000.0
59817000.0
58086000.0
58402000.0
58329000.0
58011000.0
60023000.0
59753000.0
61490000.0
61939000.0
61177000.0
61467000.0
61508000.0
58274000.0
57089000.0
57200000.0
56784000.0
57915000.0
57531000.0
56641000.0
56023000.0
53854000.0
53239000.0
51449000.0
52142000.0
51678000.0
51246000.0
52307000.0
53349000.0
51885000.0
52230000.0
52357000.0
52165000.0
51436000.0
51179000.0
50333000.0
49648000.0
45316000.0
43375000.0
44253000.0
44731000.0
44909000.0
45100000.0
45809000.0
46588000.0
47146000.0
47208000.0
47266000.0
47760000.0
45517000.0
45835000.0
50633000.0
50788000.0
51732000.0
53511000.0
53651000.0
53660000.0
53123000.0
51882000.0
51597000.0
51550000.0
51586000.0
53832000.0
53298000.0
49376000.0
49015000.0
49035000.0
47131000.0
45450000.0
46474000.0
45543000.0
46927000.0
47831000.0
47809000.0
46358000.0
52332000.0
53790000.0
53359000.0
51842000.0
48450000.0
48605000.0
47745000.0
47415000.0
48213000.0
51570000.0
48917000.0
48315000.0
48500000.0
47510000.0
49171000.0
48640000.0
50389000.0
50069000.0
50770000.0
51245000.0
50462000.0
50128000.0
51704000.0
52138000.0
52966000.0
53791000.0
53902000.0
55949000.0
56914000.0
56985000.0
56620000.0
55352000.0
56369000.0
56050000.0
56639000.0
57055000.0
56155000.0
53072000.0
53814000.0
52934000.0
53258000.0
52819000.0
50050000.0
50577000.0
51700000.0
50245000.0
50850000.0
50567000.0
49962000.0
50839000.0
51458000.0
51388000.0
50805000.0
49937000.0
49742000.0
49620000.0
50614000.0
48777000.0
49954000.0
50580000.0
49731000.0
49283000.0
49383000.0
49520000.0
48777000.0
50616000.0
47647000.0
47031000.0
46507000.0
44770000.0
41002000.0
41046000.0
40290000.0
39243000.0
39270000.0
39967000.0
40906000.0
39256000.0
39259000.0
37099000.0
38780000.0
37762000.0
38037000.0
38933000.0
37436000.0
37827000.0
37935000.0
37662000.0
36837000.0
37034000.0
37380000.0
39550000.0
39923000.0
37880000.0
38392000.0
37851000.0
37916000.0
37972000.0
39532000.0
39398000.0
38581000.0
38256000.0
37611000.0
37058000.0
34718000.0
29372000.0
28829000.0
29253000.0
26898000.0
27010000.0
25093000.0
26642000.0
26643000.0
26967000.0
26193000.0
27419000.0
27597000.0
27832000.0
27460000.0
27039000.0
26547000.0
26548000.0
26003000.0
25556000.0
25463000.0
25422000.0
26399000.0
26548000.0
26954000.0
28115000.0
28241000.0
28200000.0
27317000.0
26460000.0
25723000.0
26611000.0
27135000.0
27518000.0
27857000.0
27505000.0
29322000.0
30660000.0
30505000.0
30415000.0
30080000.0
29722000.0
29818000.0
28555000.0
28401000.0
30202000.0
31217000.0
31404000.0
31281000.0
30751000.0
30851000.0
30754000.0
30708000.0
30315000.0
30767000.0
30534000.0
30685000.0
31459000.0
30997000.0
31583000.0
31770000.0
32368000.0
32562000.0
32544000.0
32445000.0
32082000.0
31547000.0
31720000.0
28678000.0
29340000.0
29459000.0
29260000.0
29307000.0
29104000.0
29300000.0
27969000.0
27739000.0
27099000.0
27792000.0
27314000.0
27530000.0
27636000.0
27571000.0
27447000.0
27528000.0
27309000.0
26361000.0
26810000.0
26887000.0
29350000.0
29727000.0
30028000.0
30656000.0
28371000.0
28344000.0
28024000.0
27915000.0
28174000.0
27490000.0
27566000.0
26757000.0
26538000.0
27572000.0
27594000.0
27270000.0
27051000.0
27597000.0
27501000.0
27952000.0
28033000.0
27924000.0
27868000.0
27691000.0
28299000.0
28980000.0
28721000.0
28418000.0
27805000.0
27743000.0
27679000.0
27401000.0
27339000.0
27460000.0
27810000.0
27660000.0
27524000.0
27655000.0
27993000.0
27812000.0
27657000.0
27505000.0
27580000.0
27620000.0
27981000.0
27803000.0
28494000.0
29079000.0
28590000.0
28958000.0
29091000.0
28957000.0
28778000.0
28749000.0
28632000.0
28693000.0
29388000.0
29756000.0
29473000.0
28945000.0
26650000.0
22919000.0
24779000.0
23656000.0
23380000.0
22510000.0
22701000.0
23003000.0
22954000.0
22982000.0
23061000.0
23081000.0
22788000.0
22220000.0
22584000.0
22985000.0
22738000.0
22676000.0
22660000.0
22646000.0
22339000.0
22417000.0
23192000.0
23002000.0
22877000.0
22830000.0
22906000.0
22725000.0
22821000.0
22544000.0
22918000.0
22849000.0
22831000.0
22775000.0
22824000.0
23161000.0
23235000.0
22942000.0
22249000.0
22230000.0
22210000.0
21654000.0
22011000.0
21943000.0
21891000.0
21872000.0
21951000.0
21848000.0
21702000.0
21321000.0
21061000.0
21201000.0
21070000.0
21079000.0
21123000.0
21215000.0
21351000.0
21588000.0
21575000.0
21517000.0
21539000.0
21704000.0
21655000.0
21916000.0
22485000.0
23552000.0
24802000.0
25881000.0
25836000.0
26368000.0
26255000.0
25718000.0
26205000.0
28026000.0
28333000.0
28390000.0
28609000.0
28351000.0
28736000.0
28930000.0
28950000.0
29063000.0
29670000.0
28706000.0
29064000.0
29620000.0
29600000.0
29432000.0
29420000.0
28990000.0
29222000.0
29452000.0
29303000.0
28193000.0
28120000.0
28377000.0
28263000.0
28309000.0
28798000.0
31186000.0
30451000.0
31641000.0
31789000.0
31435000.0
31883000.0
31736000.0
31619000.0
31398000.0
30877000.0
30959000.0
31279000.0
31255000.0
31024000.0
31106000.0
31109000.0
29709000.0
29838000.0
29982000.0
29769000.0
29579000.0
29023000.0
27604000.0
27343000.0
27737000.0
29199000.0
31676000.0
32490000.0
32511000.0
33335000.0
36207000.0
35767000.0
37233000.0
37295000.0
37221000.0
36372000.0
37274000.0
36749000.0
36750000.0
37160000.0
36110000.0
36026000.0
37401000.0
37157000.0
37540000.0
37585000.0
37301000.0
36814000.0
37205000.0
37139000.0
37058000.0
36993000.0
37080000.0
37313000.0
38985000.0
40004000.0
39699000.0
39911000.0
39804000.0
39800000.0
39607000.0
38700000.0
39630000.0
38300000.0
37672000.0
36337000.0
37182000.0
36802000.0
36750000.0
37877000.0
38017000.0
39258000.0
39083000.0
38965000.0
39149000.0
37769000.0
38405000.0
38703000.0
38580000.0
39053000.0
38677000.0
38143000.0
37255000.0
37150000.0
37071000.0
36411000.0
36341000.0
36374000.0
36415000.0
36632000.0
36421000.0
36700000.0
36240000.0
36156000.0
36385000.0
36051000.0
35947000.0
36381000.0
35452000.0
35547000.0
35771000.0
35824000.0
37350000.0
36992000.0
36914000.0
36391000.0
35823000.0
36089000.0
35888000.0
35865000.0
34298000.0
35852000.0
34952000.0
34996000.0
34865000.0
34372000.0
34345000.0
34059000.0
33913000.0
33007000.0
33449000.0
34501000.0
34780000.0
34466000.0
35092000.0
36946000.0
39135000.0
39125000.0
40651000.0
40659000.0
40352000.0
40077000.0
40585000.0
40020000.0
40583000.0
40547000.0
40691000.0
40652000.0
41200000.0
40610000.0
40385000.0
39860000.0
40240000.0
40153000.0
39832000.0
40050000.0
40117000.0
39804000.0
40112000.0
39092000.0
38889000.0
38933000.0
38742000.0
38401000.0
38323000.0
38567000.0
38829000.0
38776000.0
38945000.0
37892000.0
37910000.0
37918000.0
37874000.0
37932000.0
37901000.0
37850000.0
37929000.0
38642000.0
38358000.0
38436000.0
38492000.0
38474000.0
38605000.0
38622000.0
39437000.0
39209000.0
39119000.0
39233000.0
39283000.0
39118000.0
39288000.0
39404000.0
39001000.0
36588000.0
35890000.0
36056000.0
35949000.0
35769000.0
35684000.0
35941000.0
35635000.0
35479000.0
35398000.0
35402000.0
35335000.0
37445000.0
37109000.0
35502000.0
35350000.0
35204000.0
35308000.0
35011000.0
35056000.0
35029000.0
35615000.0
35295000.0
35280000.0
35196000.0
34327000.0
35077000.0
35497000.0
35889000.0
35928000.0
35938000.0
35758000.0
36000000.0
36500000.0
36501000.0
36012000.0
35952000.0
35960000.0
35534000.0
35491000.0
35566000.0
35982000.0
36596000.0
36444000.0
36600000.0
37789000.0
37424000.0
37197000.0
37595000.0
37258000.0
37798000.0
37902000.0
37929000.0
37595000.0
37336000.0
36671000.0
36750000.0
36968000.0
36790000.0
37086000.0
38697000.0
38652000.0
38710000.0
39000000.0
40250000.0
40400000.0
40354000.0
44179000.0
45599000.0
46484000.0
46141000.0
45980000.0
46314000.0
46825000.0
46732000.0
47030000.0
46972000.0
